0 1
1 1
2 1
3 1
4 1
5 1
6 1
7 1
8 1
9 1
10 1
11 1
12 1
13 1
14 1
15 1
16 1
17 1
18 1
19 1
20 1
21 1
22 1
23 1
24 1
25 1
26 1
27 1
28 1
29 1
30 1
31 1
32 1
33 1
34 1
35 1
36 1
37 1
38 1
39 1
40 1
41 1
42 1
43 1
44 1
45 1
46 1
47 1
48 1
49 1
50 1
51 1
52 1
53 1
54 1
55 1
56 1
57 1
58 1
59 1
60 1
61 1
62 1
63 1
64 1
65 1
66 1
67 1
68 1
69 1
70 1
71 1
72 1
73 1
74 1
75 1
76 1
77 1
78 1
79 1
80 1
81 1
82 1
83 1
84 1
85 1
86 1
87 1
88 1
89 1
90 1
91 1
92 1
93 1
94 1
95 1
96 1
97 1
98 1
99 1
100 1
101 1
102 1
103 1
104 1
105 1
106 1
107 1
108 2
109 2
110 2
111 2
112 2
113 2
114 2
115 2
116 2
117 2
118 2
119 2
120 2
121 2
122 2
123 2
124 2
125 2
126 2
127 2
128 2
129 2
130 2
131 2
132 2
133 2
134 2
135 2
136 2
137 2
138 2
139 2
140 2
141 2
142 2
143 2
144 2
145 2
146 2
147 2
148 2
149 2
150 2
151 2
152 2
153 2
154 2
155 2
156 2
157 2
158 2
159 2
160 2
161 2
162 2
163 2
164 2
165 2
166 2
167 2
168 2
169 2
170 2
171 2
172 2
173 2
174 2
175 2
176 2
177 2
178 2
179 2
180 2
181 2
182 2
183 2
184 2
185 2
186 2
187 2
188 2
189 2
190 2
191 2
192 2
193 2
194 2
195 2
196 2
197 2
198 2
199 2
200 2
201 2
202 2
203 2
204 2
205 2
206 2
207 2
208 2
209 2
210 2
211 2
212 2
213 2
214 2
215 2
216 3
217 3
218 3
219 3
220 3
221 3
222 3
223 3
224 3
225 3
226 3
227 3
228 3
229 3
230 3
231 3
232 3
233 3
234 3
235 3
236 3
237 3
238 3
239 3
240 3
241 3
242 3
243 3
244 3
245 3
246 3
247 3
248 3
249 3
250 3
251 3
252 3
253 3
254 3
255 3
256 3
257 3
258 3
259 3
260 3
261 3
262 3
263 3
264 3
265 3
266 3
267 3
268 3
269 3
270 3
271 3
272 3
273 3
274 3
275 3
276 3
277 3
278 3
279 3
280 3
281 3
282 3
283 3
284 3
285 3
286 3
287 3
288 3
289 3
290 3
291 3
292 3
293 3
294 3
295 3
296 3
297 3
298 3
299 3
300 3
301 3
302 3
303 3
304 3
305 3
306 3
307 3
308 3
309 3
310 3
311 3
312 3
313 3
314 3
315 3
316 3
317 3
318 3
319 3
320 3
321 3
322 3
323 3
324 4
325 4
326 4
327 4
328 4
329 4
330 4
331 4
332 4
333 4
334 4
335 4
336 4
337 4
338 4
339 4
340 4
341 4
342 4
343 4
344 4
345 4
346 4
347 4
348 4
349 4
350 4
351 4
352 4
353 4
354 4
355 4
356 4
357 4
358 4
359 4
360 4
361 4
362 4
363 4
364 4
365 4
366 4
367 4
368 4
369 4
370 4
371 4
372 4
373 4
374 4
375 4
376 4
377 4
378 4
379 4
380 4
381 4
382 4
383 4
384 4
385 4
386 4
387 4
388 4
389 4
390 4
391 4
392 4
393 4
394 4
395 4
396 4
397 4
398 4
399 4
400 4
401 4
402 4
403 4
404 4
405 4
406 4
407 4
408 4
409 4
410 4
411 4
412 4
413 4
414 4
415 4
416 4
417 4
418 4
419 4
420 4
421 4
422 4
423 4
424 4
425 4
426 4
427 4
428 4
429 4
430 4
431 4
432 5
433 5
434 5
435 5
436 5
437 5
438 5
439 5
440 5
441 5
442 5
443 5
444 5
445 5
446 5
447 5
448 5
449 5
450 5
451 5
452 5
453 5
454 5
455 5
456 5
457 5
458 5
459 5
460 5
461 5
462 5
463 5
464 5
465 5
466 5
467 5
468 5
469 5
470 5
471 5
472 5
473 5
474 5
475 5
476 5
477 5
478 5
479 5
480 5
481 5
482 5
483 5
484 5
485 5
486 5
487 5
488 5
489 5
490 5
491 5
492 5
493 5
494 5
495 5
496 5
497 5
498 5
499 5
500 5
501 5
502 5
503 5
504 5
505 5
506 5
507 5
508 5
509 5
510 5
511 5
512 5
513 5
514 5
515 5
516 5
517 5
518 5
519 5
520 5
521 5
522 5
523 5
524 5
525 5
526 5
527 5
528 5
529 5
530 5
531 5
532 5
533 5
534 5
535 5
536 5
537 5
538 5
539 5
540 6
541 6
542 6
543 6
544 6
545 6
546 6
547 6
548 6
549 6
550 6
551 6
552 6
553 6
554 6
555 6
556 6
557 6
558 6
559 6
560 6
561 6
562 6
563 6
564 6
565 6
566 6
567 6
568 6
569 6
570 6
571 6
572 6
573 6
574 6
575 6
576 6
577 6
578 6
579 6
580 6
581 6
582 6
583 6
584 6
585 6
586 6
587 6
588 6
589 6
590 6
591 6
592 6
593 6
594 6
595 6
596 6
597 6
598 6
599 6
600 6
601 6
602 6
603 6
604 6
605 6
606 6
607 6
608 6
609 6
610 6
611 6
612 6
613 6
614 6
615 6
616 6
617 6
618 6
619 6
620 6
621 6
622 6
623 6
624 6
625 6
626 6
627 6
628 6
629 6
630 6
631 6
632 6
633 6
634 6
635 6
636 6
637 6
638 6
639 6
640 6
641 6
642 6
643 6
644 6
645 6
646 6
647 6
648 7
649 7
650 7
651 7
652 7
653 7
654 7
655 7
656 7
657 7
658 7
659 7
660 7
661 7
662 7
663 7
664 7
665 7
666 7
667 7
668 7
669 7
670 7
671 7
672 7
673 7
674 7
675 7
676 7
677 7
678 7
679 7
680 7
681 7
682 7
683 7
684 7
685 7
686 7
687 7
688 7
689 7
690 7
691 7
692 7
693 7
694 7
695 7
696 7
697 7
698 7
699 7
700 7
701 7
702 7
703 7
704 7
705 7
706 7
707 7
708 7
709 7
710 7
711 7
712 7
713 7
714 7
715 7
716 7
717 7
718 7
719 7
720 7
721 7
722 7
723 7
724 7
725 7
726 7
727 7
728 7
729 7
730 7
731 7
732 7
733 7
734 7
735 7
736 7
737 7
738 7
739 7
740 7
741 7
742 7
743 7
744 7
745 7
746 7
747 7
748 7
749 7
750 7
751 7
752 7
753 7
754 7
755 7
756 8
757 8
758 8
759 8
760 8
761 8
762 8
763 8
764 8
765 8
766 8
767 8
768 8
769 8
770 8
771 8
772 8
773 8
774 8
775 8
776 8
777 8
778 8
779 8
780 8
781 8
782 8
783 8
784 8
785 8
786 8
787 8
788 8
789 8
790 8
791 8
792 8
793 8
794 8
795 8
796 8
797 8
798 8
799 8
800 8
801 8
802 8
803 8
804 8
805 8
806 8
807 8
808 8
809 8
810 8
811 8
812 8
813 8
814 8
815 8
816 8
817 8
818 8
819 8
820 8
821 8
822 8
823 8
824 8
825 8
826 8
827 8
828 8
829 8
830 8
831 8
832 8
833 8
834 8
835 8
836 8
837 8
838 8
839 8
840 8
841 8
842 8
843 8
844 8
845 8
846 8
847 8
848 8
849 8
850 8
851 8
852 8
853 8
854 8
855 8
856 8
857 8
858 8
859 8
860 8
861 8
862 8
863 8
864 9
865 9
866 9
867 9
868 9
869 9
870 9
871 9
872 9
873 9
874 9
875 9
876 9
877 9
878 9
879 9
880 9
881 9
882 9
883 9
884 9
885 9
886 9
887 9
888 9
889 9
890 9
891 9
892 9
893 9
894 9
895 9
896 9
897 9
898 9
899 9
900 9
901 9
902 9
903 9
904 9
905 9
906 9
907 9
908 9
909 9
910 9
911 9
912 9
913 9
914 9
915 9
916 9
917 9
918 9
919 9
920 9
921 9
922 9
923 9
924 9
925 9
926 9
927 9
928 9
929 9
930 9
931 9
932 9
933 9
934 9
935 9
936 9
937 9
938 9
939 9
940 9
941 9
942 9
943 9
944 9
945 9
946 9
947 9
948 9
949 9
950 9
951 9
952 9
953 9
954 9
955 9
956 9
957 9
958 9
959 9
960 9
961 9
962 9
963 9
964 9
965 9
966 9
967 9
968 9
969 9
970 9
971 9
972 10
973 10
974 10
975 10
976 10
977 10
978 10
979 10
980 10
981 10
982 10
983 10
984 10
985 10
986 10
987 10
988 10
989 10
990 10
991 10
992 10
993 10
994 10
995 10
996 10
997 10
998 10
999 10
1000 10
1001 10
1002 10
1003 10
1004 10
1005 10
1006 10
1007 10
1008 10
1009 10
1010 10
1011 10
1012 10
1013 10
1014 10
1015 10
1016 10
1017 10
1018 10
1019 10
1020 10
1021 10
1022 10
1023 10
1024 10
1025 10
1026 10
1027 10
1028 10
1029 10
1030 10
1031 10
1032 10
1033 10
1034 10
1035 10
1036 10
1037 10
1038 10
1039 10
1040 10
1041 10
1042 10
1043 10
1044 10
1045 10
1046 10
1047 10
1048 10
1049 10
1050 10
1051 10
1052 10
1053 10
1054 10
1055 10
1056 10
1057 10
1058 10
1059 10
1060 10
1061 10
1062 10
1063 10
1064 10
1065 10
1066 10
1067 10
1068 10
1069 10
1070 10
1071 10
1072 10
1073 10
1074 10
1075 10
1076 10
1077 10
1078 10
1079 10
1080 11
1081 11
1082 11
1083 11
1084 11
1085 11
1086 11
1087 11
1088 11
1089 11
1090 11
1091 11
1092 11
1093 11
1094 11
1095 11
1096 11
1097 11
1098 11
1099 11
1100 11
1101 11
1102 11
1103 11
1104 11
1105 11
1106 11
1107 11
1108 11
1109 11
1110 11
1111 11
1112 11
1113 11
1114 11
1115 11
1116 11
1117 11
1118 11
1119 11
1120 11
1121 11
1122 11
1123 11
1124 11
1125 11
1126 11
1127 11
1128 11
1129 11
1130 11
1131 11
1132 11
1133 11
1134 11
1135 11
1136 11
1137 11
1138 11
1139 11
1140 11
1141 11
1142 11
1143 11
1144 11
1145 11
1146 11
1147 11
1148 11
1149 11
1150 11
1151 11
1152 11
1153 11
1154 11
1155 11
1156 11
1157 11
1158 11
1159 11
1160 11
1161 11
1162 11
1163 11
1164 11
1165 11
1166 11
1167 11
1168 11
1169 11
1170 11
1171 11
1172 11
1173 11
1174 11
1175 11
1176 11
1177 11
1178 11
1179 11
1180 11
1181 11
1182 11
1183 11
1184 11
1185 11
1186 11
1187 11
1188 12
1189 12
1190 12
1191 12
1192 12
1193 12
1194 12
1195 12
1196 12
1197 12
1198 12
1199 12
1200 12
1201 12
1202 12
1203 12
1204 12
1205 12
1206 12
1207 12
1208 12
1209 12
1210 12
1211 12
1212 12
1213 12
1214 12
1215 12
1216 12
1217 12
1218 12
1219 12
1220 12
1221 12
1222 12
1223 12
1224 12
1225 12
1226 12
1227 12
1228 12
1229 12
1230 12
1231 12
1232 12
1233 12
1234 12
1235 12
1236 12
1237 12
1238 12
1239 12
1240 12
1241 12
1242 12
1243 12
1244 12
1245 12
1246 12
1247 12
1248 12
1249 12
1250 12
1251 12
1252 12
1253 12
1254 12
1255 12
1256 12
1257 12
1258 12
1259 12
1260 12
1261 12
1262 12
1263 12
1264 12
1265 12
1266 12
1267 12
1268 12
1269 12
1270 12
1271 12
1272 12
1273 12
1274 12
1275 12
1276 12
1277 12
1278 12
1279 12
1280 12
1281 12
1282 12
1283 12
1284 12
1285 12
1286 12
1287 12
1288 12
1289 12
1290 12
1291 12
1292 12
1293 12
1294 12
1295 12
1296 13
1297 13
1298 13
1299 13
1300 13
1301 13
1302 13
1303 13
1304 13
1305 13
1306 13
1307 13
1308 13
1309 13
1310 13
1311 13
1312 13
1313 13
1314 13
1315 13
1316 13
1317 13
1318 13
1319 13
1320 13
1321 13
1322 13
1323 13
1324 13
1325 13
1326 13
1327 13
1328 13
1329 13
1330 13
1331 13
1332 13
1333 13
1334 13
1335 13
1336 13
1337 13
1338 13
1339 13
1340 13
1341 13
1342 13
1343 13
1344 13
1345 13
1346 13
1347 13
1348 13
1349 13
1350 13
1351 13
1352 13
1353 13
1354 13
1355 13
1356 13
1357 13
1358 13
1359 13
1360 13
1361 13
1362 13
1363 13
1364 13
1365 13
1366 13
1367 13
1368 13
1369 13
1370 13
1371 13
1372 13
1373 13
1374 13
1375 13
1376 13
1377 13
1378 13
1379 13
1380 13
1381 13
1382 13
1383 13
1384 13
1385 13
1386 13
1387 13
1388 13
1389 13
1390 13
1391 13
1392 13
1393 13
1394 13
1395 13
1396 13
1397 13
1398 13
1399 13
1400 13
1401 13
1402 13
1403 13
1404 14
1405 14
1406 14
1407 14
1408 14
1409 14
1410 14
1411 14
1412 14
1413 14
1414 14
1415 14
1416 14
1417 14
1418 14
1419 14
1420 14
1421 14
1422 14
1423 14
1424 14
1425 14
1426 14
1427 14
1428 14
1429 14
1430 14
1431 14
1432 14
1433 14
1434 14
1435 14
1436 14
1437 14
1438 14
1439 14
1440 14
1441 14
1442 14
1443 14
1444 14
1445 14
1446 14
1447 14
1448 14
1449 14
1450 14
1451 14
1452 14
1453 14
1454 14
1455 14
1456 14
1457 14
1458 14
1459 14
1460 14
1461 14
1462 14
1463 14
1464 14
1465 14
1466 14
1467 14
1468 14
1469 14
1470 14
1471 14
1472 14
1473 14
1474 14
1475 14
1476 14
1477 14
1478 14
1479 14
1480 14
1481 14
1482 14
1483 14
1484 14
1485 14
1486 14
1487 14
1488 14
1489 14
1490 14
1491 14
1492 14
1493 14
1494 14
1495 14
1496 14
1497 14
1498 14
1499 14
1500 14
1501 14
1502 14
1503 14
1504 14
1505 14
1506 14
1507 14
1508 14
1509 14
1510 14
1511 14
1512 15
1513 15
1514 15
1515 15
1516 15
1517 15
1518 15
1519 15
1520 15
1521 15
1522 15
1523 15
1524 15
1525 15
1526 15
1527 15
1528 15
1529 15
1530 15
1531 15
1532 15
1533 15
1534 15
1535 15
1536 15
1537 15
1538 15
1539 15
1540 15
1541 15
1542 15
1543 15
1544 15
1545 15
1546 15
1547 15
1548 15
1549 15
1550 15
1551 15
1552 15
1553 15
1554 15
1555 15
1556 15
1557 15
1558 15
1559 15
1560 15
1561 15
1562 15
1563 15
1564 15
1565 15
1566 15
1567 15
1568 15
1569 15
1570 15
1571 15
1572 15
1573 15
1574 15
1575 15
1576 15
1577 15
1578 15
1579 15
1580 15
1581 15
1582 15
1583 15
1584 15
1585 15
1586 15
1587 15
1588 15
1589 15
1590 15
1591 15
1592 15
1593 15
1594 15
1595 15
1596 15
1597 15
1598 15
1599 15
1600 15
1601 15
1602 15
1603 15
1604 15
1605 15
1606 15
1607 15
1608 15
1609 15
1610 15
1611 15
1612 15
1613 15
1614 15
1615 15
1616 15
1617 15
1618 15
1619 15
1620 16
1621 16
1622 16
1623 16
1624 16
1625 16
1626 16
1627 16
1628 16
1629 16
1630 16
1631 16
1632 16
1633 16
1634 16
1635 16
1636 16
1637 16
1638 16
1639 16
1640 16
1641 16
1642 16
1643 16
1644 16
1645 16
1646 16
1647 16
1648 16
1649 16
1650 16
1651 16
1652 16
1653 16
1654 16
1655 16
1656 16
1657 16
1658 16
1659 16
1660 16
1661 16
1662 16
1663 16
1664 16
1665 16
1666 16
1667 16
1668 16
1669 16
1670 16
1671 16
1672 16
1673 16
1674 16
1675 16
1676 16
1677 16
1678 16
1679 16
1680 16
1681 16
1682 16
1683 16
1684 16
1685 16
1686 16
1687 16
1688 16
1689 16
1690 16
1691 16
1692 16
1693 16
1694 16
1695 16
1696 16
1697 16
1698 16
1699 16
1700 16
1701 16
1702 16
1703 16
1704 16
1705 16
1706 16
1707 16
1708 16
1709 16
1710 16
1711 16
1712 16
1713 16
1714 16
1715 16
1716 16
1717 16
1718 16
1719 16
1720 16
1721 16
1722 16
1723 16
1724 16
1725 16
1726 16
1727 16
1728 17
1729 17
1730 17
1731 17
1732 17
1733 17
1734 17
1735 17
1736 17
1737 17
1738 17
1739 17
1740 17
1741 17
1742 17
1743 17
1744 17
1745 17
1746 17
1747 17
1748 17
1749 17
1750 17
1751 17
1752 17
1753 17
1754 17
1755 17
1756 17
1757 17
1758 17
1759 17
1760 17
1761 17
1762 17
1763 17
1764 17
1765 17
1766 17
1767 17
1768 17
1769 17
1770 17
1771 17
1772 17
1773 17
1774 17
1775 17
1776 17
1777 17
1778 17
1779 17
1780 17
1781 17
1782 17
1783 17
1784 17
1785 17
1786 17
1787 17
1788 17
1789 17
1790 17
1791 17
1792 17
1793 17
1794 17
1795 17
1796 17
1797 17
1798 17
1799 17
1800 17
1801 17
1802 17
1803 17
1804 17
1805 17
1806 17
1807 17
1808 17
1809 17
1810 17
1811 17
1812 17
1813 17
1814 17
1815 17
1816 17
1817 17
1818 17
1819 17
1820 17
1821 17
1822 17
1823 17
1824 17
1825 17
1826 17
1827 17
1828 17
1829 17
1830 17
1831 17
1832 17
1833 17
1834 17
1835 17
1836 18
1837 18
1838 18
1839 18
1840 18
1841 18
1842 18
1843 18
1844 18
1845 18
1846 18
1847 18
1848 18
1849 18
1850 18
1851 18
1852 18
1853 18
1854 18
1855 18
1856 18
1857 18
1858 18
1859 18
1860 18
1861 18
1862 18
1863 18
1864 18
1865 18
1866 18
1867 18
1868 18
1869 18
1870 18
1871 18
1872 18
1873 18
1874 18
1875 18
1876 18
1877 18
1878 18
1879 18
1880 18
1881 18
1882 18
1883 18
1884 18
1885 18
1886 18
1887 18
1888 18
1889 18
1890 18
1891 18
1892 18
1893 18
1894 18
1895 18
1896 18
1897 18
1898 18
1899 18
1900 18
1901 18
1902 18
1903 18
1904 18
1905 18
1906 18
1907 18
1908 18
1909 18
1910 18
1911 18
1912 18
1913 18
1914 18
1915 18
1916 18
1917 18
1918 18
1919 18
1920 18
1921 18
1922 18
1923 18
1924 18
1925 18
1926 18
1927 18
1928 18
1929 18
1930 18
1931 18
1932 18
1933 18
1934 18
1935 18
1936 18
1937 18
1938 18
1939 18
1940 18
1941 18
1942 18
1943 18
1944 19
1945 19
1946 19
1947 19
1948 19
1949 19
1950 19
1951 19
1952 19
1953 19
1954 19
1955 19
1956 19
1957 19
1958 19
1959 19
1960 19
1961 19
1962 19
1963 19
1964 19
1965 19
1966 19
1967 19
1968 19
1969 19
1970 19
1971 19
1972 19
1973 19
1974 19
1975 19
1976 19
1977 19
1978 19
1979 19
1980 19
1981 19
1982 19
1983 19
1984 19
1985 19
1986 19
1987 19
1988 19
1989 19
1990 19
1991 19
1992 19
1993 19
1994 19
1995 19
1996 19
1997 19
1998 19
1999 19
2000 19
2001 19
2002 19
2003 19
2004 19
2005 19
2006 19
2007 19
2008 19
2009 19
2010 19
2011 19
2012 19
2013 19
2014 19
2015 19
2016 19
2017 19
2018 19
2019 19
2020 19
2021 19
2022 19
2023 19
2024 19
2025 19
2026 19
2027 19
2028 19
2029 19
2030 19
2031 19
2032 19
2033 19
2034 19
2035 19
2036 19
2037 19
2038 19
2039 19
2040 19
2041 19
2042 19
2043 19
2044 19
2045 19
2046 19
2047 19
2048 19
2049 19
2050 19
2051 19
2052 20
2053 20
2054 20
2055 20
2056 20
2057 20
2058 20
2059 20
2060 20
2061 20
2062 20
2063 20
2064 20
2065 20
2066 20
2067 20
2068 20
2069 20
2070 20
2071 20
2072 20
2073 20
2074 20
2075 20
2076 20
2077 20
2078 20
2079 20
2080 20
2081 20
2082 20
2083 20
2084 20
2085 20
2086 20
2087 20
2088 20
2089 20
2090 20
2091 20
2092 20
2093 20
2094 20
2095 20
2096 20
2097 20
2098 20
2099 20
2100 20
2101 20
2102 20
2103 20
2104 20
2105 20
2106 20
2107 20
2108 20
2109 20
2110 20
2111 20
2112 20
2113 20
2114 20
2115 20
2116 20
2117 20
2118 20
2119 20
2120 20
2121 20
2122 20
2123 20
2124 20
2125 20
2126 20
2127 20
2128 20
2129 20
2130 20
2131 20
2132 20
2133 20
2134 20
2135 20
2136 20
2137 20
2138 20
2139 20
2140 20
2141 20
2142 20
2143 20
2144 20
2145 20
2146 20
2147 20
2148 20
2149 20
2150 20
2151 20
2152 20
2153 20
2154 20
2155 20
2156 20
2157 20
2158 20
2159 20
2160 21
2161 21
2162 21
2163 21
2164 21
2165 21
2166 21
2167 21
2168 21
2169 21
2170 21
2171 21
2172 21
2173 21
2174 21
2175 21
2176 21
2177 21
2178 21
2179 21
2180 21
2181 21
2182 21
2183 21
2184 21
2185 21
2186 21
2187 21
2188 21
2189 21
2190 21
2191 21
2192 21
2193 21
2194 21
2195 21
2196 21
2197 21
2198 21
2199 21
2200 21
2201 21
2202 21
2203 21
2204 21
2205 21
2206 21
2207 21
2208 21
2209 21
2210 21
2211 21
2212 21
2213 21
2214 21
2215 21
2216 21
2217 21
2218 21
2219 21
2220 21
2221 21
2222 21
2223 21
2224 21
2225 21
2226 21
2227 21
2228 21
2229 21
2230 21
2231 21
2232 21
2233 21
2234 21
2235 21
2236 21
2237 21
2238 21
2239 21
2240 21
2241 21
2242 21
2243 21
2244 21
2245 21
2246 21
2247 21
2248 21
2249 21
2250 21
2251 21
2252 21
2253 21
2254 21
2255 21
2256 21
2257 21
2258 21
2259 21
2260 21
2261 21
2262 21
2263 21
2264 21
2265 21
2266 21
2267 21
2268 22
2269 22
2270 22
2271 22
2272 22
2273 22
2274 22
2275 22
2276 22
2277 22
2278 22
2279 22
2280 22
2281 22
2282 22
2283 22
2284 22
2285 22
2286 22
2287 22
2288 22
2289 22
2290 22
2291 22
2292 22
2293 22
2294 22
2295 22
2296 22
2297 22
2298 22
2299 22
2300 22
2301 22
2302 22
2303 22
2304 22
2305 22
2306 22
2307 22
2308 22
2309 22
2310 22
2311 22
2312 22
2313 22
2314 22
2315 22
2316 22
2317 22
2318 22
2319 22
2320 22
2321 22
2322 22
2323 22
2324 22
2325 22
2326 22
2327 22
2328 22
2329 22
2330 22
2331 22
2332 22
2333 22
2334 22
2335 22
2336 22
2337 22
2338 22
2339 22
2340 22
2341 22
2342 22
2343 22
2344 22
2345 22
2346 22
2347 22
2348 22
2349 22
2350 22
2351 22
2352 22
2353 22
2354 22
2355 22
2356 22
2357 22
2358 22
2359 22
2360 22
2361 22
2362 22
2363 22
2364 22
2365 22
2366 22
2367 22
2368 22
2369 22
2370 22
2371 22
2372 22
2373 22
2374 22
2375 22
2376 23
2377 23
2378 23
2379 23
2380 23
2381 23
2382 23
2383 23
2384 23
2385 23
2386 23
2387 23
2388 23
2389 23
2390 23
2391 23
2392 23
2393 23
2394 23
2395 23
2396 23
2397 23
2398 23
2399 23
2400 23
2401 23
2402 23
2403 23
2404 23
2405 23
2406 23
2407 23
2408 23
2409 23
2410 23
2411 23
2412 23
2413 23
2414 23
2415 23
2416 23
2417 23
2418 23
2419 23
2420 23
2421 23
2422 23
2423 23
2424 23
2425 23
2426 23
2427 23
2428 23
2429 23
2430 23
2431 23
2432 23
2433 23
2434 23
2435 23
2436 23
2437 23
2438 23
2439 23
2440 23
2441 23
2442 23
2443 23
2444 23
2445 23
2446 23
2447 23
2448 23
2449 23
2450 23
2451 23
2452 23
2453 23
2454 23
2455 23
2456 23
2457 23
2458 23
2459 23
2460 23
2461 23
2462 23
2463 23
2464 23
2465 23
2466 23
2467 23
2468 23
2469 23
2470 23
2471 23
2472 23
2473 23
2474 23
2475 23
2476 23
2477 23
2478 23
2479 23
2480 23
2481 23
2482 23
2483 23
2484 24
2485 24
2486 24
2487 24
2488 24
2489 24
2490 24
2491 24
2492 24
2493 24
2494 24
2495 24
2496 24
2497 24
2498 24
2499 24
2500 24
2501 24
2502 24
2503 24
2504 24
2505 24
2506 24
2507 24
2508 24
2509 24
2510 24
2511 24
2512 24
2513 24
2514 24
2515 24
2516 24
2517 24
2518 24
2519 24
2520 24
2521 24
2522 24
2523 24
2524 24
2525 24
2526 24
2527 24
2528 24
2529 24
2530 24
2531 24
2532 24
2533 24
2534 24
2535 24
2536 24
2537 24
2538 24
2539 24
2540 24
2541 24
2542 24
2543 24
2544 24
2545 24
2546 24
2547 24
2548 24
2549 24
2550 24
2551 24
2552 24
2553 24
2554 24
2555 24
2556 24
2557 24
2558 24
2559 24
2560 24
2561 24
2562 24
2563 24
2564 24
2565 24
2566 24
2567 24
2568 24
2569 24
2570 24
2571 24
2572 24
2573 24
2574 24
2575 24
2576 24
2577 24
2578 24
2579 24
2580 24
2581 24
2582 24
2583 24
2584 24
2585 24
2586 24
2587 24
2588 24
2589 24
2590 24
2591 24
2592 25
2593 25
2594 25
2595 25
2596 25
2597 25
2598 25
2599 25
2600 25
2601 25
2602 25
2603 25
2604 25
2605 25
2606 25
2607 25
2608 25
2609 25
2610 25
2611 25
2612 25
2613 25
2614 25
2615 25
2616 25
2617 25
2618 25
2619 25
2620 25
2621 25
2622 25
2623 25
2624 25
2625 25
2626 25
2627 25
2628 25
2629 25
2630 25
2631 25
2632 25
2633 25
2634 25
2635 25
2636 25
2637 25
2638 25
2639 25
2640 25
2641 25
2642 25
2643 25
2644 25
2645 25
2646 25
2647 25
2648 25
2649 25
2650 25
2651 25
2652 25
2653 25
2654 25
2655 25
2656 25
2657 25
2658 25
2659 25
2660 25
2661 25
2662 25
2663 25
2664 25
2665 25
2666 25
2667 25
2668 25
2669 25
2670 25
2671 25
2672 25
2673 25
2674 25
2675 25
2676 25
2677 25
2678 25
2679 25
2680 25
2681 25
2682 25
2683 25
2684 25
2685 25
2686 25
2687 25
2688 25
2689 25
2690 25
2691 25
2692 25
2693 25
2694 25
2695 25
2696 25
2697 25
2698 25
2699 25
2700 26
2701 26
2702 26
2703 26
2704 26
2705 26
2706 26
2707 26
2708 26
2709 26
2710 26
2711 26
2712 26
2713 26
2714 26
2715 26
2716 26
2717 26
2718 26
2719 26
2720 26
2721 26
2722 26
2723 26
2724 26
2725 26
2726 26
2727 26
2728 26
2729 26
2730 26
2731 26
2732 26
2733 26
2734 26
2735 26
2736 26
2737 26
2738 26
2739 26
2740 26
2741 26
2742 26
2743 26
2744 26
2745 26
2746 26
2747 26
2748 26
2749 26
2750 26
2751 26
2752 26
2753 26
2754 26
2755 26
2756 26
2757 26
2758 26
2759 26
2760 26
2761 26
2762 26
2763 26
2764 26
2765 26
2766 26
2767 26
2768 26
2769 26
2770 26
2771 26
2772 26
2773 26
2774 26
2775 26
2776 26
2777 26
2778 26
2779 26
2780 26
2781 26
2782 26
2783 26
2784 26
2785 26
2786 26
2787 26
2788 26
2789 26
2790 26
2791 26
2792 26
2793 26
2794 26
2795 26
2796 26
2797 26
2798 26
2799 26
2800 26
2801 26
2802 26
2803 26
2804 26
2805 26
2806 26
2807 26
2808 27
2809 27
2810 27
2811 27
2812 27
2813 27
2814 27
2815 27
2816 27
2817 27
2818 27
2819 27
2820 27
2821 27
2822 27
2823 27
2824 27
2825 27
2826 27
2827 27
2828 27
2829 27
2830 27
2831 27
2832 27
2833 27
2834 27
2835 27
2836 27
2837 27
2838 27
2839 27
2840 27
2841 27
2842 27
2843 27
2844 27
2845 27
2846 27
2847 27
2848 27
2849 27
2850 27
2851 27
2852 27
2853 27
2854 27
2855 27
2856 27
2857 27
2858 27
2859 27
2860 27
2861 27
2862 27
2863 27
2864 27
2865 27
2866 27
2867 27
2868 27
2869 27
2870 27
2871 27
2872 27
2873 27
2874 27
2875 27
2876 27
2877 27
2878 27
2879 27
2880 27
2881 27
2882 27
2883 27
2884 27
2885 27
2886 27
2887 27
2888 27
2889 27
2890 27
2891 27
2892 27
2893 27
2894 27
2895 27
2896 27
2897 27
2898 27
2899 27
2900 27
2901 27
2902 27
2903 27
2904 27
2905 27
2906 27
2907 27
2908 27
2909 27
2910 27
2911 27
2912 27
2913 27
2914 27
2915 27
2916 28
2917 28
2918 28
2919 28
2920 28
2921 28
2922 28
2923 28
2924 28
2925 28
2926 28
2927 28
2928 28
2929 28
2930 28
2931 28
2932 28
2933 28
2934 28
2935 28
2936 28
2937 28
2938 28
2939 28
2940 28
2941 28
2942 28
2943 28
2944 28
2945 28
2946 28
2947 28
2948 28
2949 28
2950 28
2951 28
2952 28
2953 28
2954 28
2955 28
2956 28
2957 28
2958 28
2959 28
2960 28
2961 28
2962 28
2963 28
2964 28
2965 28
2966 28
2967 28
2968 28
2969 28
2970 28
2971 28
2972 28
2973 28
2974 28
2975 28
2976 28
2977 28
2978 28
2979 28
2980 28
2981 28
2982 28
2983 28
2984 28
2985 28
2986 28
2987 28
2988 28
2989 28
2990 28
2991 28
2992 28
2993 28
2994 28
2995 28
2996 28
2997 28
2998 28
2999 28
3000 28
3001 28
3002 28
3003 28
3004 28
3005 28
3006 28
3007 28
3008 28
3009 28
3010 28
3011 28
3012 28
3013 28
3014 28
3015 28
3016 28
3017 28
3018 28
3019 28
3020 28
3021 28
3022 28
3023 28
3024 29
3025 29
3026 29
3027 29
3028 29
3029 29
3030 29
3031 29
3032 29
3033 29
3034 29
3035 29
3036 29
3037 29
3038 29
3039 29
3040 29
3041 29
3042 29
3043 29
3044 29
3045 29
3046 29
3047 29
3048 29
3049 29
3050 29
3051 29
3052 29
3053 29
3054 29
3055 29
3056 29
3057 29
3058 29
3059 29
3060 29
3061 29
3062 29
3063 29
3064 29
3065 29
3066 29
3067 29
3068 29
3069 29
3070 29
3071 29
3072 29
3073 29
3074 29
3075 29
3076 29
3077 29
3078 29
3079 29
3080 29
3081 29
3082 29
3083 29
3084 29
3085 29
3086 29
3087 29
3088 29
3089 29
3090 29
3091 29
3092 29
3093 29
3094 29
3095 29
3096 29
3097 29
3098 29
3099 29
3100 29
3101 29
3102 29
3103 29
3104 29
3105 29
3106 29
3107 29
3108 29
3109 29
3110 29
3111 29
3112 29
3113 29
3114 29
3115 29
3116 29
3117 29
3118 29
3119 29
3120 29
3121 29
3122 29
3123 29
3124 29
3125 29
3126 29
3127 29
3128 29
3129 29
3130 29
3131 29
3132 30
3133 30
3134 30
3135 30
3136 30
3137 30
3138 30
3139 30
3140 30
3141 30
3142 30
3143 30
3144 30
3145 30
3146 30
3147 30
3148 30
3149 30
3150 30
3151 30
3152 30
3153 30
3154 30
3155 30
3156 30
3157 30
3158 30
3159 30
3160 30
3161 30
3162 30
3163 30
3164 30
3165 30
3166 30
3167 30
3168 30
3169 30
3170 30
3171 30
3172 30
3173 30
3174 30
3175 30
3176 30
3177 30
3178 30
3179 30
3180 30
3181 30
3182 30
3183 30
3184 30
3185 30
3186 30
3187 30
3188 30
3189 30
3190 30
3191 30
3192 30
3193 30
3194 30
3195 30
3196 30
3197 30
3198 30
3199 30
3200 30
3201 30
3202 30
3203 30
3204 30
3205 30
3206 30
3207 30
3208 30
3209 30
3210 30
3211 30
3212 30
3213 30
3214 30
3215 30
3216 30
3217 30
3218 30
3219 30
3220 30
3221 30
3222 30
3223 30
3224 30
3225 30
3226 30
3227 30
3228 30
3229 30
3230 30
3231 30
3232 30
3233 30
3234 30
3235 30
3236 30
3237 30
3238 30
3239 30
3240 31
3241 31
3242 31
3243 31
3244 31
3245 31
3246 31
3247 31
3248 31
3249 31
3250 31
3251 31
3252 31
3253 31
3254 31
3255 31
3256 31
3257 31
3258 31
3259 31
3260 31
3261 31
3262 31
3263 31
3264 31
3265 31
3266 31
3267 31
3268 31
3269 31
3270 31
3271 31
3272 31
3273 31
3274 31
3275 31
3276 31
3277 31
3278 31
3279 31
3280 31
3281 31
3282 31
3283 31
3284 31
3285 31
3286 31
3287 31
3288 31
3289 31
3290 31
3291 31
3292 31
3293 31
3294 31
3295 31
3296 31
3297 31
3298 31
3299 31
3300 31
3301 31
3302 31
3303 31
3304 31
3305 31
3306 31
3307 31
3308 31
3309 31
3310 31
3311 31
3312 31
3313 31
3314 31
3315 31
3316 31
3317 31
3318 31
3319 31
3320 31
3321 31
3322 31
3323 31
3324 31
3325 31
3326 31
3327 31
3328 31
3329 31
3330 31
3331 31
3332 31
3333 31
3334 31
3335 31
3336 31
3337 31
3338 31
3339 31
3340 31
3341 31
3342 31
3343 31
3344 31
3345 31
3346 31
3347 31
3348 32
3349 32
3350 32
3351 32
3352 32
3353 32
3354 32
3355 32
3356 32
3357 32
3358 32
3359 32
3360 32
3361 32
3362 32
3363 32
3364 32
3365 32
3366 32
3367 32
3368 32
3369 32
3370 32
3371 32
3372 32
3373 32
3374 32
3375 32
3376 32
3377 32
3378 32
3379 32
3380 32
3381 32
3382 32
3383 32
3384 32
3385 32
3386 32
3387 32
3388 32
3389 32
3390 32
3391 32
3392 32
3393 32
3394 32
3395 32
3396 32
3397 32
3398 32
3399 32
3400 32
3401 32
3402 32
3403 32
3404 32
3405 32
3406 32
3407 32
3408 32
3409 32
3410 32
3411 32
3412 32
3413 32
3414 32
3415 32
3416 32
3417 32
3418 32
3419 32
3420 32
3421 32
3422 32
3423 32
3424 32
3425 32
3426 32
3427 32
3428 32
3429 32
3430 32
3431 32
3432 32
3433 32
3434 32
3435 32
3436 32
3437 32
3438 32
3439 32
3440 32
3441 32
3442 32
3443 32
3444 32
3445 32
3446 32
3447 32
3448 32
3449 32
3450 32
3451 32
3452 32
3453 32
3454 32
3455 32
3456 33
3457 33
3458 33
3459 33
3460 33
3461 33
3462 33
3463 33
3464 33
3465 33
3466 33
3467 33
3468 33
3469 33
3470 33
3471 33
3472 33
3473 33
3474 33
3475 33
3476 33
3477 33
3478 33
3479 33
3480 33
3481 33
3482 33
3483 33
3484 33
3485 33
3486 33
3487 33
3488 33
3489 33
3490 33
3491 33
3492 33
3493 33
3494 33
3495 33
3496 33
3497 33
3498 33
3499 33
3500 33
3501 33
3502 33
3503 33
3504 33
3505 33
3506 33
3507 33
3508 33
3509 33
3510 33
3511 33
3512 33
3513 33
3514 33
3515 33
3516 33
3517 33
3518 33
3519 33
3520 33
3521 33
3522 33
3523 33
3524 33
3525 33
3526 33
3527 33
3528 33
3529 33
3530 33
3531 33
3532 33
3533 33
3534 33
3535 33
3536 33
3537 33
3538 33
3539 33
3540 33
3541 33
3542 33
3543 33
3544 33
3545 33
3546 33
3547 33
3548 33
3549 33
3550 33
3551 33
3552 33
3553 33
3554 33
3555 33
3556 33
3557 33
3558 33
3559 33
3560 33
3561 33
3562 33
3563 33
3564 34
3565 34
3566 34
3567 34
3568 34
3569 34
3570 34
3571 34
3572 34
3573 34
3574 34
3575 34
3576 34
3577 34
3578 34
3579 34
3580 34
3581 34
3582 34
3583 34
3584 34
3585 34
3586 34
3587 34
3588 34
3589 34
3590 34
3591 34
3592 34
3593 34
3594 34
3595 34
3596 34
3597 34
3598 34
3599 34
3600 34
3601 34
3602 34
3603 34
3604 34
3605 34
3606 34
3607 34
3608 34
3609 34
3610 34
3611 34
3612 34
3613 34
3614 34
3615 34
3616 34
3617 34
3618 34
3619 34
3620 34
3621 34
3622 34
3623 34
3624 34
3625 34
3626 34
3627 34
3628 34
3629 34
3630 34
3631 34
3632 34
3633 34
3634 34
3635 34
3636 34
3637 34
3638 34
3639 34
3640 34
3641 34
3642 34
3643 34
3644 34
3645 34
3646 34
3647 34
3648 34
3649 34
3650 34
3651 34
3652 34
3653 34
3654 34
3655 34
3656 34
3657 34
3658 34
3659 34
3660 34
3661 34
3662 34
3663 34
3664 34
3665 34
3666 34
3667 34
3668 34
3669 34
3670 34
3671 34
3672 35
3673 35
3674 35
3675 35
3676 35
3677 35
3678 35
3679 35
3680 35
3681 35
3682 35
3683 35
3684 35
3685 35
3686 35
3687 35
3688 35
3689 35
3690 35
3691 35
3692 35
3693 35
3694 35
3695 35
3696 35
3697 35
3698 35
3699 35
3700 35
3701 35
3702 35
3703 35
3704 35
3705 35
3706 35
3707 35
3708 35
3709 35
3710 35
3711 35
3712 35
3713 35
3714 35
3715 35
3716 35
3717 35
3718 35
3719 35
3720 35
3721 35
3722 35
3723 35
3724 35
3725 35
3726 35
3727 35
3728 35
3729 35
3730 35
3731 35
3732 35
3733 35
3734 35
3735 35
3736 35
3737 35
3738 35
3739 35
3740 35
3741 35
3742 35
3743 35
3744 35
3745 35
3746 35
3747 35
3748 35
3749 35
3750 35
3751 35
3752 35
3753 35
3754 35
3755 35
3756 35
3757 35
3758 35
3759 35
3760 35
3761 35
3762 35
3763 35
3764 35
3765 35
3766 35
3767 35
3768 35
3769 35
3770 35
3771 35
3772 35
3773 35
3774 35
3775 35
3776 35
3777 35
3778 35
3779 35
3780 36
3781 36
3782 36
3783 36
3784 36
3785 36
3786 36
3787 36
3788 36
3789 36
3790 36
3791 36
3792 36
3793 36
3794 36
3795 36
3796 36
3797 36
3798 36
3799 36
3800 36
3801 36
3802 36
3803 36
3804 36
3805 36
3806 36
3807 36
3808 36
3809 36
3810 36
3811 36
3812 36
3813 36
3814 36
3815 36
3816 36
3817 36
3818 36
3819 36
3820 36
3821 36
3822 36
3823 36
3824 36
3825 36
3826 36
3827 36
3828 36
3829 36
3830 36
3831 36
3832 36
3833 36
3834 36
3835 36
3836 36
3837 36
3838 36
3839 36
3840 36
3841 36
3842 36
3843 36
3844 36
3845 36
3846 36
3847 36
3848 36
3849 36
3850 36
3851 36
3852 36
3853 36
3854 36
3855 36
3856 36
3857 36
3858 36
3859 36
3860 36
3861 36
3862 36
3863 36
3864 36
3865 36
3866 36
3867 36
3868 36
3869 36
3870 36
3871 36
3872 36
3873 36
3874 36
3875 36
3876 36
3877 36
3878 36
3879 36
3880 36
3881 36
3882 36
3883 36
3884 36
3885 36
3886 36
3887 36
3888 37
3889 37
3890 37
3891 37
3892 37
3893 37
3894 37
3895 37
3896 37
3897 37
3898 37
3899 37
3900 37
3901 37
3902 37
3903 37
3904 37
3905 37
3906 37
3907 37
3908 37
3909 37
3910 37
3911 37
3912 37
3913 37
3914 37
3915 37
3916 37
3917 37
3918 37
3919 37
3920 37
3921 37
3922 37
3923 37
3924 37
3925 37
3926 37
3927 37
3928 37
3929 37
3930 37
3931 37
3932 37
3933 37
3934 37
3935 37
3936 37
3937 37
3938 37
3939 37
3940 37
3941 37
3942 37
3943 37
3944 37
3945 37
3946 37
3947 37
3948 37
3949 37
3950 37
3951 37
3952 37
3953 37
3954 37
3955 37
3956 37
3957 37
3958 37
3959 37
3960 37
3961 37
3962 37
3963 37
3964 37
3965 37
3966 37
3967 37
3968 37
3969 37
3970 37
3971 37
3972 37
3973 37
3974 37
3975 37
3976 37
3977 37
3978 37
3979 37
3980 37
3981 37
3982 37
3983 37
3984 37
3985 37
3986 37
3987 37
3988 37
3989 37
3990 37
3991 37
3992 37
3993 37
3994 37
3995 37
3996 38
3997 38
3998 38
3999 38
4000 38
4001 38
4002 38
4003 38
4004 38
4005 38
4006 38
4007 38
4008 38
4009 38
4010 38
4011 38
4012 38
4013 38
4014 38
4015 38
4016 38
4017 38
4018 38
4019 38
4020 38
4021 38
4022 38
4023 38
4024 38
4025 38
4026 38
4027 38
4028 38
4029 38
4030 38
4031 38
4032 38
4033 38
4034 38
4035 38
4036 38
4037 38
4038 38
4039 38
4040 38
4041 38
4042 38
4043 38
4044 38
4045 38
4046 38
4047 38
4048 38
4049 38
4050 38
4051 38
4052 38
4053 38
4054 38
4055 38
4056 38
4057 38
4058 38
4059 38
4060 38
4061 38
4062 38
4063 38
4064 38
4065 38
4066 38
4067 38
4068 38
4069 38
4070 38
4071 38
4072 38
4073 38
4074 38
4075 38
4076 38
4077 38
4078 38
4079 38
4080 38
4081 38
4082 38
4083 38
4084 38
4085 38
4086 38
4087 38
4088 38
4089 38
4090 38
4091 38
4092 38
4093 38
4094 38
4095 38
4096 38
4097 38
4098 38
4099 38
4100 38
4101 38
4102 38
4103 38
4104 39
4105 39
4106 39
4107 39
4108 39
4109 39
4110 39
4111 39
4112 39
4113 39
4114 39
4115 39
4116 39
4117 39
4118 39
4119 39
4120 39
4121 39
4122 39
4123 39
4124 39
4125 39
4126 39
4127 39
4128 39
4129 39
4130 39
4131 39
4132 39
4133 39
4134 39
4135 39
4136 39
4137 39
4138 39
4139 39
4140 39
4141 39
4142 39
4143 39
4144 39
4145 39
4146 39
4147 39
4148 39
4149 39
4150 39
4151 39
4152 39
4153 39
4154 39
4155 39
4156 39
4157 39
4158 39
4159 39
4160 39
4161 39
4162 39
4163 39
4164 39
4165 39
4166 39
4167 39
4168 39
4169 39
4170 39
4171 39
4172 39
4173 39
4174 39
4175 39
4176 39
4177 39
4178 39
4179 39
4180 39
4181 39
4182 39
4183 39
4184 39
4185 39
4186 39
4187 39
4188 39
4189 39
4190 39
4191 39
4192 39
4193 39
4194 39
4195 39
4196 39
4197 39
4198 39
4199 39
4200 39
4201 39
4202 39
4203 39
4204 39
4205 39
4206 39
4207 39
4208 39
4209 39
4210 39
4211 39
4212 40
4213 40
4214 40
4215 40
4216 40
4217 40
4218 40
4219 40
4220 40
4221 40
4222 40
4223 40
4224 40
4225 40
4226 40
4227 40
4228 40
4229 40
4230 40
4231 40
4232 40
4233 40
4234 40
4235 40
4236 40
4237 40
4238 40
4239 40
4240 40
4241 40
4242 40
4243 40
4244 40
4245 40
4246 40
4247 40
4248 40
4249 40
4250 40
4251 40
4252 40
4253 40
4254 40
4255 40
4256 40
4257 40
4258 40
4259 40
4260 40
4261 40
4262 40
4263 40
4264 40
4265 40
4266 40
4267 40
4268 40
4269 40
4270 40
4271 40
4272 40
4273 40
4274 40
4275 40
4276 40
4277 40
4278 40
4279 40
4280 40
4281 40
4282 40
4283 40
4284 40
4285 40
4286 40
4287 40
4288 40
4289 40
4290 40
4291 40
4292 40
4293 40
4294 40
4295 40
4296 40
4297 40
4298 40
4299 40
4300 40
4301 40
4302 40
4303 40
4304 40
4305 40
4306 40
4307 40
4308 40
4309 40
4310 40
4311 40
4312 40
4313 40
4314 40
4315 40
4316 40
4317 40
4318 40
4319 40
4320 41
4321 41
4322 41
4323 41
4324 41
4325 41
4326 41
4327 41
4328 41
4329 41
4330 41
4331 41
4332 41
4333 41
4334 41
4335 41
4336 41
4337 41
4338 41
4339 41
4340 41
4341 41
4342 41
4343 41
4344 41
4345 41
4346 41
4347 41
4348 41
4349 41
4350 41
4351 41
4352 41
4353 41
4354 41
4355 41
4356 41
4357 41
4358 41
4359 41
4360 41
4361 41
4362 41
4363 41
4364 41
4365 41
4366 41
4367 41
4368 41
4369 41
4370 41
4371 41
4372 41
4373 41
4374 41
4375 41
4376 41
4377 41
4378 41
4379 41
4380 41
4381 41
4382 41
4383 41
4384 41
4385 41
4386 41
4387 41
4388 41
4389 41
4390 41
4391 41
4392 41
4393 41
4394 41
4395 41
4396 41
4397 41
4398 41
4399 41
4400 41
4401 41
4402 41
4403 41
4404 41
4405 41
4406 41
4407 41
4408 41
4409 41
4410 41
4411 41
4412 41
4413 41
4414 41
4415 41
4416 41
4417 41
4418 41
4419 41
4420 41
4421 41
4422 41
4423 41
4424 41
4425 41
4426 41
4427 41
4428 42
4429 42
4430 42
4431 42
4432 42
4433 42
4434 42
4435 42
4436 42
4437 42
4438 42
4439 42
4440 42
4441 42
4442 42
4443 42
4444 42
4445 42
4446 42
4447 42
4448 42
4449 42
4450 42
4451 42
4452 42
4453 42
4454 42
4455 42
4456 42
4457 42
4458 42
4459 42
4460 42
4461 42
4462 42
4463 42
4464 42
4465 42
4466 42
4467 42
4468 42
4469 42
4470 42
4471 42
4472 42
4473 42
4474 42
4475 42
4476 42
4477 42
4478 42
4479 42
4480 42
4481 42
4482 42
4483 42
4484 42
4485 42
4486 42
4487 42
4488 42
4489 42
4490 42
4491 42
4492 42
4493 42
4494 42
4495 42
4496 42
4497 42
4498 42
4499 42
4500 42
4501 42
4502 42
4503 42
4504 42
4505 42
4506 42
4507 42
4508 42
4509 42
4510 42
4511 42
4512 42
4513 42
4514 42
4515 42
4516 42
4517 42
4518 42
4519 42
4520 42
4521 42
4522 42
4523 42
4524 42
4525 42
4526 42
4527 42
4528 42
4529 42
4530 42
4531 42
4532 42
4533 42
4534 42
4535 42
4536 43
4537 43
4538 43
4539 43
4540 43
4541 43
4542 43
4543 43
4544 43
4545 43
4546 43
4547 43
4548 43
4549 43
4550 43
4551 43
4552 43
4553 43
4554 43
4555 43
4556 43
4557 43
4558 43
4559 43
4560 43
4561 43
4562 43
4563 43
4564 43
4565 43
4566 43
4567 43
4568 43
4569 43
4570 43
4571 43
4572 43
4573 43
4574 43
4575 43
4576 43
4577 43
4578 43
4579 43
4580 43
4581 43
4582 43
4583 43
4584 43
4585 43
4586 43
4587 43
4588 43
4589 43
4590 43
4591 43
4592 43
4593 43
4594 43
4595 43
4596 43
4597 43
4598 43
4599 43
4600 43
4601 43
4602 43
4603 43
4604 43
4605 43
4606 43
4607 43
4608 43
4609 43
4610 43
4611 43
4612 43
4613 43
4614 43
4615 43
4616 43
4617 43
4618 43
4619 43
4620 43
4621 43
4622 43
4623 43
4624 43
4625 43
4626 43
4627 43
4628 43
4629 43
4630 43
4631 43
4632 43
4633 43
4634 43
4635 43
4636 43
4637 43
4638 43
4639 43
4640 43
4641 43
4642 43
4643 43
4644 44
4645 44
4646 44
4647 44
4648 44
4649 44
4650 44
4651 44
4652 44
4653 44
4654 44
4655 44
4656 44
4657 44
4658 44
4659 44
4660 44
4661 44
4662 44
4663 44
4664 44
4665 44
4666 44
4667 44
4668 44
4669 44
4670 44
4671 44
4672 44
4673 44
4674 44
4675 44
4676 44
4677 44
4678 44
4679 44
4680 44
4681 44
4682 44
4683 44
4684 44
4685 44
4686 44
4687 44
4688 44
4689 44
4690 44
4691 44
4692 44
4693 44
4694 44
4695 44
4696 44
4697 44
4698 44
4699 44
4700 44
4701 44
4702 44
4703 44
4704 44
4705 44
4706 44
4707 44
4708 44
4709 44
4710 44
4711 44
4712 44
4713 44
4714 44
4715 44
4716 44
4717 44
4718 44
4719 44
4720 44
4721 44
4722 44
4723 44
4724 44
4725 44
4726 44
4727 44
4728 44
4729 44
4730 44
4731 44
4732 44
4733 44
4734 44
4735 44
4736 44
4737 44
4738 44
4739 44
4740 44
4741 44
4742 44
4743 44
4744 44
4745 44
4746 44
4747 44
4748 44
4749 44
4750 44
4751 44
4752 45
4753 45
4754 45
4755 45
4756 45
4757 45
4758 45
4759 45
4760 45
4761 45
4762 45
4763 45
4764 45
4765 45
4766 45
4767 45
4768 45
4769 45
4770 45
4771 45
4772 45
4773 45
4774 45
4775 45
4776 45
4777 45
4778 45
4779 45
4780 45
4781 45
4782 45
4783 45
4784 45
4785 45
4786 45
4787 45
4788 45
4789 45
4790 45
4791 45
4792 45
4793 45
4794 45
4795 45
4796 45
4797 45
4798 45
4799 45
4800 45
4801 45
4802 45
4803 45
4804 45
4805 45
4806 45
4807 45
4808 45
4809 45
4810 45
4811 45
4812 45
4813 45
4814 45
4815 45
4816 45
4817 45
4818 45
4819 45
4820 45
4821 45
4822 45
4823 45
4824 45
4825 45
4826 45
4827 45
4828 45
4829 45
4830 45
4831 45
4832 45
4833 45
4834 45
4835 45
4836 45
4837 45
4838 45
4839 45
4840 45
4841 45
4842 45
4843 45
4844 45
4845 45
4846 45
4847 45
4848 45
4849 45
4850 45
4851 45
4852 45
4853 45
4854 45
4855 45
4856 45
4857 45
4858 45
4859 45
4860 46
4861 46
4862 46
4863 46
4864 46
4865 46
4866 46
4867 46
4868 46
4869 46
4870 46
4871 46
4872 46
4873 46
4874 46
4875 46
4876 46
4877 46
4878 46
4879 46
4880 46
4881 46
4882 46
4883 46
4884 46
4885 46
4886 46
4887 46
4888 46
4889 46
4890 46
4891 46
4892 46
4893 46
4894 46
4895 46
4896 46
4897 46
4898 46
4899 46
4900 46
4901 46
4902 46
4903 46
4904 46
4905 46
4906 46
4907 46
4908 46
4909 46
4910 46
4911 46
4912 46
4913 46
4914 46
4915 46
4916 46
4917 46
4918 46
4919 46
4920 46
4921 46
4922 46
4923 46
4924 46
4925 46
4926 46
4927 46
4928 46
4929 46
4930 46
4931 46
4932 46
4933 46
4934 46
4935 46
4936 46
4937 46
4938 46
4939 46
4940 46
4941 46
4942 46
4943 46
4944 46
4945 46
4946 46
4947 46
4948 46
4949 46
4950 46
4951 46
4952 46
4953 46
4954 46
4955 46
4956 46
4957 46
4958 46
4959 46
4960 46
4961 46
4962 46
4963 46
4964 46
4965 46
4966 46
4967 46
4968 47
4969 47
4970 47
4971 47
4972 47
4973 47
4974 47
4975 47
4976 47
4977 47
4978 47
4979 47
4980 47
4981 47
4982 47
4983 47
4984 47
4985 47
4986 47
4987 47
4988 47
4989 47
4990 47
4991 47
4992 47
4993 47
4994 47
4995 47
4996 47
4997 47
4998 47
4999 47
5000 47
5001 47
5002 47
5003 47
5004 47
5005 47
5006 47
5007 47
5008 47
5009 47
5010 47
5011 47
5012 47
5013 47
5014 47
5015 47
5016 47
5017 47
5018 47
5019 47
5020 47
5021 47
5022 47
5023 47
5024 47
5025 47
5026 47
5027 47
5028 47
5029 47
5030 47
5031 47
5032 47
5033 47
5034 47
5035 47
5036 47
5037 47
5038 47
5039 47
5040 47
5041 47
5042 47
5043 47
5044 47
5045 47
5046 47
5047 47
5048 47
5049 47
5050 47
5051 47
5052 47
5053 47
5054 47
5055 47
5056 47
5057 47
5058 47
5059 47
5060 47
5061 47
5062 47
5063 47
5064 47
5065 47
5066 47
5067 47
5068 47
5069 47
5070 47
5071 47
5072 47
5073 47
5074 47
5075 47
5076 48
5077 48
5078 48
5079 48
5080 48
5081 48
5082 48
5083 48
5084 48
5085 48
5086 48
5087 48
5088 48
5089 48
5090 48
5091 48
5092 48
5093 48
5094 48
5095 48
5096 48
5097 48
5098 48
5099 48
5100 48
5101 48
5102 48
5103 48
5104 48
5105 48
5106 48
5107 48
5108 48
5109 48
5110 48
5111 48
5112 48
5113 48
5114 48
5115 48
5116 48
5117 48
5118 48
5119 48
5120 48
5121 48
5122 48
5123 48
5124 48
5125 48
5126 48
5127 48
5128 48
5129 48
5130 48
5131 48
5132 48
5133 48
5134 48
5135 48
5136 48
5137 48
5138 48
5139 48
5140 48
5141 48
5142 48
5143 48
5144 48
5145 48
5146 48
5147 48
5148 48
5149 48
5150 48
5151 48
5152 48
5153 48
5154 48
5155 48
5156 48
5157 48
5158 48
5159 48
5160 48
5161 48
5162 48
5163 48
5164 48
5165 48
5166 48
5167 48
5168 48
5169 48
5170 48
5171 48
5172 48
5173 48
5174 48
5175 48
5176 48
5177 48
5178 48
5179 48
5180 48
5181 48
5182 48
5183 48
5184 49
5185 49
5186 49
5187 49
5188 49
5189 49
5190 49
5191 49
5192 49
5193 49
5194 49
5195 49
5196 49
5197 49
5198 49
5199 49
5200 49
5201 49
5202 49
5203 49
5204 49
5205 49
5206 49
5207 49
5208 49
5209 49
5210 49
5211 49
5212 49
5213 49
5214 49
5215 49
5216 49
5217 49
5218 49
5219 49
5220 49
5221 49
5222 49
5223 49
5224 49
5225 49
5226 49
5227 49
5228 49
5229 49
5230 49
5231 49
5232 49
5233 49
5234 49
5235 49
5236 49
5237 49
5238 49
5239 49
5240 49
5241 49
5242 49
5243 49
5244 49
5245 49
5246 49
5247 49
5248 49
5249 49
5250 49
5251 49
5252 49
5253 49
5254 49
5255 49
5256 49
5257 49
5258 49
5259 49
5260 49
5261 49
5262 49
5263 49
5264 49
5265 49
5266 49
5267 49
5268 49
5269 49
5270 49
5271 49
5272 49
5273 49
5274 49
5275 49
5276 49
5277 49
5278 49
5279 49
5280 49
5281 49
5282 49
5283 49
5284 49
5285 49
5286 49
5287 49
5288 49
5289 49
5290 49
5291 49
5292 50
5293 50
5294 50
5295 50
5296 50
5297 50
5298 50
5299 50
5300 50
5301 50
5302 50
5303 50
5304 50
5305 50
5306 50
5307 50
5308 50
5309 50
5310 50
5311 50
5312 50
5313 50
5314 50
5315 50
5316 50
5317 50
5318 50
5319 50
5320 50
5321 50
5322 50
5323 50
5324 50
5325 50
5326 50
5327 50
5328 50
5329 50
5330 50
5331 50
5332 50
5333 50
5334 50
5335 50
5336 50
5337 50
5338 50
5339 50
5340 50
5341 50
5342 50
5343 50
5344 50
5345 50
5346 50
5347 50
5348 50
5349 50
5350 50
5351 50
5352 50
5353 50
5354 50
5355 50
5356 50
5357 50
5358 50
5359 50
5360 50
5361 50
5362 50
5363 50
5364 50
5365 50
5366 50
5367 50
5368 50
5369 50
5370 50
5371 50
5372 50
5373 50
5374 50
5375 50
5376 50
5377 50
5378 50
5379 50
5380 50
5381 50
5382 50
5383 50
5384 50
5385 50
5386 50
5387 50
5388 50
5389 50
5390 50
5391 50
5392 50
5393 50
5394 50
5395 50
5396 50
5397 50
5398 50
5399 50
5400 51
5401 51
5402 51
5403 51
5404 51
5405 51
5406 51
5407 51
5408 51
5409 51
5410 51
5411 51
5412 51
5413 51
5414 51
5415 51
5416 51
5417 51
5418 51
5419 51
5420 51
5421 51
5422 51
5423 51
5424 51
5425 51
5426 51
5427 51
5428 51
5429 51
5430 51
5431 51
5432 51
5433 51
5434 51
5435 51
5436 51
5437 51
5438 51
5439 51
5440 51
5441 51
5442 51
5443 51
5444 51
5445 51
5446 51
5447 51
5448 51
5449 51
5450 51
5451 51
5452 51
5453 51
5454 51
5455 51
5456 51
5457 51
5458 51
5459 51
5460 51
5461 51
5462 51
5463 51
5464 51
5465 51
5466 51
5467 51
5468 51
5469 51
5470 51
5471 51
5472 51
5473 51
5474 51
5475 51
5476 51
5477 51
5478 51
5479 51
5480 51
5481 51
5482 51
5483 51
5484 51
5485 51
5486 51
5487 51
5488 51
5489 51
5490 51
5491 51
5492 51
5493 51
5494 51
5495 51
5496 51
5497 51
5498 51
5499 51
5500 51
5501 51
5502 51
5503 51
5504 51
5505 51
5506 51
5507 51
5508 52
5509 52
5510 52
5511 52
5512 52
5513 52
5514 52
5515 52
5516 52
5517 52
5518 52
5519 52
5520 52
5521 52
5522 52
5523 52
5524 52
5525 52
5526 52
5527 52
5528 52
5529 52
5530 52
5531 52
5532 52
5533 52
5534 52
5535 52
5536 52
5537 52
5538 52
5539 52
5540 52
5541 52
5542 52
5543 52
5544 52
5545 52
5546 52
5547 52
5548 52
5549 52
5550 52
5551 52
5552 52
5553 52
5554 52
5555 52
5556 52
5557 52
5558 52
5559 52
5560 52
5561 52
5562 52
5563 52
5564 52
5565 52
5566 52
5567 52
5568 52
5569 52
5570 52
5571 52
5572 52
5573 52
5574 52
5575 52
5576 52
5577 52
5578 52
5579 52
5580 52
5581 52
5582 52
5583 52
5584 52
5585 52
5586 52
5587 52
5588 52
5589 52
5590 52
5591 52
5592 52
5593 52
5594 52
5595 52
5596 52
5597 52
5598 52
5599 52
5600 52
5601 52
5602 52
5603 52
5604 52
5605 52
5606 52
5607 52
5608 52
5609 52
5610 52
5611 52
5612 52
5613 52
5614 52
5615 52
5616 53
5617 53
5618 53
5619 53
5620 53
5621 53
5622 53
5623 53
5624 53
5625 53
5626 53
5627 53
5628 53
5629 53
5630 53
5631 53
5632 53
5633 53
5634 53
5635 53
5636 53
5637 53
5638 53
5639 53
5640 53
5641 53
5642 53
5643 53
5644 53
5645 53
5646 53
5647 53
5648 53
5649 53
5650 53
5651 53
5652 53
5653 53
5654 53
5655 53
5656 53
5657 53
5658 53
5659 53
5660 53
5661 53
5662 53
5663 53
5664 53
5665 53
5666 53
5667 53
5668 53
5669 53
5670 53
5671 53
5672 53
5673 53
5674 53
5675 53
5676 53
5677 53
5678 53
5679 53
5680 53
5681 53
5682 53
5683 53
5684 53
5685 53
5686 53
5687 53
5688 53
5689 53
5690 53
5691 53
5692 53
5693 53
5694 53
5695 53
5696 53
5697 53
5698 53
5699 53
5700 53
5701 53
5702 53
5703 53
5704 53
5705 53
5706 53
5707 53
5708 53
5709 53
5710 53
5711 53
5712 53
5713 53
5714 53
5715 53
5716 53
5717 53
5718 53
5719 53
5720 53
5721 53
5722 53
5723 53
5724 54
5725 54
5726 54
5727 54
5728 54
5729 54
5730 54
5731 54
5732 54
5733 54
5734 54
5735 54
5736 54
5737 54
5738 54
5739 54
5740 54
5741 54
5742 54
5743 54
5744 54
5745 54
5746 54
5747 54
5748 54
5749 54
5750 54
5751 54
5752 54
5753 54
5754 54
5755 54
5756 54
5757 54
5758 54
5759 54
5760 54
5761 54
5762 54
5763 54
5764 54
5765 54
5766 54
5767 54
5768 54
5769 54
5770 54
5771 54
5772 54
5773 54
5774 54
5775 54
5776 54
5777 54
5778 54
5779 54
5780 54
5781 54
5782 54
5783 54
5784 54
5785 54
5786 54
5787 54
5788 54
5789 54
5790 54
5791 54
5792 54
5793 54
5794 54
5795 54
5796 54
5797 54
5798 54
5799 54
5800 54
5801 54
5802 54
5803 54
5804 54
5805 54
5806 54
5807 54
5808 54
5809 54
5810 54
5811 54
5812 54
5813 54
5814 54
5815 54
5816 54
5817 54
5818 54
5819 54
5820 54
5821 54
5822 54
5823 54
5824 54
5825 54
5826 54
5827 54
5828 54
5829 54
5830 54
5831 54
5832 55
5833 55
5834 55
5835 55
5836 55
5837 55
5838 55
5839 55
5840 55
5841 55
5842 55
5843 55
5844 55
5845 55
5846 55
5847 55
5848 55
5849 55
5850 55
5851 55
5852 55
5853 55
5854 55
5855 55
5856 55
5857 55
5858 55
5859 55
5860 55
5861 55
5862 55
5863 55
5864 55
5865 55
5866 55
5867 55
5868 55
5869 55
5870 55
5871 55
5872 55
5873 55
5874 55
5875 55
5876 55
5877 55
5878 55
5879 55
5880 55
5881 55
5882 55
5883 55
5884 55
5885 55
5886 55
5887 55
5888 55
5889 55
5890 55
5891 55
5892 55
5893 55
5894 55
5895 55
5896 55
5897 55
5898 55
5899 55
5900 55
5901 55
5902 55
5903 55
5904 55
5905 55
5906 55
5907 55
5908 55
5909 55
5910 55
5911 55
5912 55
5913 55
5914 55
5915 55
5916 55
5917 55
5918 55
5919 55
5920 55
5921 55
5922 55
5923 55
5924 55
5925 55
5926 55
5927 55
5928 55
5929 55
5930 55
5931 55
5932 55
5933 55
5934 55
5935 55
5936 55
5937 55
5938 55
5939 55
5940 56
5941 56
5942 56
5943 56
5944 56
5945 56
5946 56
5947 56
5948 56
5949 56
5950 56
5951 56
5952 56
5953 56
5954 56
5955 56
5956 56
5957 56
5958 56
5959 56
5960 56
5961 56
5962 56
5963 56
5964 56
5965 56
5966 56
5967 56
5968 56
5969 56
5970 56
5971 56
5972 56
5973 56
5974 56
5975 56
5976 56
5977 56
5978 56
5979 56
5980 56
5981 56
5982 56
5983 56
5984 56
5985 56
5986 56
5987 56
5988 56
5989 56
5990 56
5991 56
5992 56
5993 56
5994 56
5995 56
5996 56
5997 56
5998 56
5999 56
6000 56
6001 56
6002 56
6003 56
6004 56
6005 56
6006 56
6007 56
6008 56
6009 56
6010 56
6011 56
6012 56
6013 56
6014 56
6015 56
6016 56
6017 56
6018 56
6019 56
6020 56
6021 56
6022 56
6023 56
6024 56
6025 56
6026 56
6027 56
6028 56
6029 56
6030 56
6031 56
6032 56
6033 56
6034 56
6035 56
6036 56
6037 56
6038 56
6039 56
6040 56
6041 56
6042 56
6043 56
6044 56
6045 56
6046 56
6047 56
6048 57
6049 57
6050 57
6051 57
6052 57
6053 57
6054 57
6055 57
6056 57
6057 57
6058 57
6059 57
6060 57
6061 57
6062 57
6063 57
6064 57
6065 57
6066 57
6067 57
6068 57
6069 57
6070 57
6071 57
6072 57
6073 57
6074 57
6075 57
6076 57
6077 57
6078 57
6079 57
6080 57
6081 57
6082 57
6083 57
6084 57
6085 57
6086 57
6087 57
6088 57
6089 57
6090 57
6091 57
6092 57
6093 57
6094 57
6095 57
6096 57
6097 57
6098 57
6099 57
6100 57
6101 57
6102 57
6103 57
6104 57
6105 57
6106 57
6107 57
6108 57
6109 57
6110 57
6111 57
6112 57
6113 57
6114 57
6115 57
6116 57
6117 57
6118 57
6119 57
6120 57
6121 57
6122 57
6123 57
6124 57
6125 57
6126 57
6127 57
6128 57
6129 57
6130 57
6131 57
6132 57
6133 57
6134 57
6135 57
6136 57
6137 57
6138 57
6139 57
6140 57
6141 57
6142 57
6143 57
6144 57
6145 57
6146 57
6147 57
6148 57
6149 57
6150 57
6151 57
6152 57
6153 57
6154 57
6155 57
6156 58
6157 58
6158 58
6159 58
6160 58
6161 58
6162 58
6163 58
6164 58
6165 58
6166 58
6167 58
6168 58
6169 58
6170 58
6171 58
6172 58
6173 58
6174 58
6175 58
6176 58
6177 58
6178 58
6179 58
6180 58
6181 58
6182 58
6183 58
6184 58
6185 58
6186 58
6187 58
6188 58
6189 58
6190 58
6191 58
6192 58
6193 58
6194 58
6195 58
6196 58
6197 58
6198 58
6199 58
6200 58
6201 58
6202 58
6203 58
6204 58
6205 58
6206 58
6207 58
6208 58
6209 58
6210 58
6211 58
6212 58
6213 58
6214 58
6215 58
6216 58
6217 58
6218 58
6219 58
6220 58
6221 58
6222 58
6223 58
6224 58
6225 58
6226 58
6227 58
6228 58
6229 58
6230 58
6231 58
6232 58
6233 58
6234 58
6235 58
6236 58
6237 58
6238 58
6239 58
6240 58
6241 58
6242 58
6243 58
6244 58
6245 58
6246 58
6247 58
6248 58
6249 58
6250 58
6251 58
6252 58
6253 58
6254 58
6255 58
6256 58
6257 58
6258 58
6259 58
6260 58
6261 58
6262 58
6263 58
6264 59
6265 59
6266 59
6267 59
6268 59
6269 59
6270 59
6271 59
6272 59
6273 59
6274 59
6275 59
6276 59
6277 59
6278 59
6279 59
6280 59
6281 59
6282 59
6283 59
6284 59
6285 59
6286 59
6287 59
6288 59
6289 59
6290 59
6291 59
6292 59
6293 59
6294 59
6295 59
6296 59
6297 59
6298 59
6299 59
6300 59
6301 59
6302 59
6303 59
6304 59
6305 59
6306 59
6307 59
6308 59
6309 59
6310 59
6311 59
6312 59
6313 59
6314 59
6315 59
6316 59
6317 59
6318 59
6319 59
6320 59
6321 59
6322 59
6323 59
6324 59
6325 59
6326 59
6327 59
6328 59
6329 59
6330 59
6331 59
6332 59
6333 59
6334 59
6335 59
6336 59
6337 59
6338 59
6339 59
6340 59
6341 59
6342 59
6343 59
6344 59
6345 59
6346 59
6347 59
6348 59
6349 59
6350 59
6351 59
6352 59
6353 59
6354 59
6355 59
6356 59
6357 59
6358 59
6359 59
6360 59
6361 59
6362 59
6363 59
6364 59
6365 59
6366 59
6367 59
6368 59
6369 59
6370 59
6371 59
6372 60
6373 60
6374 60
6375 60
6376 60
6377 60
6378 60
6379 60
6380 60
6381 60
6382 60
6383 60
6384 60
6385 60
6386 60
6387 60
6388 60
6389 60
6390 60
6391 60
6392 60
6393 60
6394 60
6395 60
6396 60
6397 60
6398 60
6399 60
6400 60
6401 60
6402 60
6403 60
6404 60
6405 60
6406 60
6407 60
6408 60
6409 60
6410 60
6411 60
6412 60
6413 60
6414 60
6415 60
6416 60
6417 60
6418 60
6419 60
6420 60
6421 60
6422 60
6423 60
6424 60
6425 60
6426 60
6427 60
6428 60
6429 60
6430 60
6431 60
6432 60
6433 60
6434 60
6435 60
6436 60
6437 60
6438 60
6439 60
6440 60
6441 60
6442 60
6443 60
6444 60
6445 60
6446 60
6447 60
6448 60
6449 60
6450 60
6451 60
6452 60
6453 60
6454 60
6455 60
6456 60
6457 60
6458 60
6459 60
6460 60
6461 60
6462 60
6463 60
6464 60
6465 60
6466 60
6467 60
6468 60
6469 60
6470 60
6471 60
6472 60
6473 60
6474 60
6475 60
6476 60
6477 60
6478 60
6479 60
6480 61
6481 61
6482 61
6483 61
6484 61
6485 61
6486 61
6487 61
6488 61
6489 61
6490 61
6491 61
6492 61
6493 61
6494 61
6495 61
6496 61
6497 61
6498 61
6499 61
6500 61
6501 61
6502 61
6503 61
6504 61
6505 61
6506 61
6507 61
6508 61
6509 61
6510 61
6511 61
6512 61
6513 61
6514 61
6515 61
6516 61
6517 61
6518 61
6519 61
6520 61
6521 61
6522 61
6523 61
6524 61
6525 61
6526 61
6527 61
6528 61
6529 61
6530 61
6531 61
6532 61
6533 61
6534 61
6535 61
6536 61
6537 61
6538 61
6539 61
6540 61
6541 61
6542 61
6543 61
6544 61
6545 61
6546 61
6547 61
6548 61
6549 61
6550 61
6551 61
6552 61
6553 61
6554 61
6555 61
6556 61
6557 61
6558 61
6559 61
6560 61
6561 61
6562 61
6563 61
6564 61
6565 61
6566 61
6567 61
6568 61
6569 61
6570 61
6571 61
6572 61
6573 61
6574 61
6575 61
6576 61
6577 61
6578 61
6579 61
6580 61
6581 61
6582 61
6583 61
6584 61
6585 61
6586 61
6587 61
6588 62
6589 62
6590 62
6591 62
6592 62
6593 62
6594 62
6595 62
6596 62
6597 62
6598 62
6599 62
6600 62
6601 62
6602 62
6603 62
6604 62
6605 62
6606 62
6607 62
6608 62
6609 62
6610 62
6611 62
6612 62
6613 62
6614 62
6615 62
6616 62
6617 62
6618 62
6619 62
6620 62
6621 62
6622 62
6623 62
6624 62
6625 62
6626 62
6627 62
6628 62
6629 62
6630 62
6631 62
6632 62
6633 62
6634 62
6635 62
6636 62
6637 62
6638 62
6639 62
6640 62
6641 62
6642 62
6643 62
6644 62
6645 62
6646 62
6647 62
6648 62
6649 62
6650 62
6651 62
6652 62
6653 62
6654 62
6655 62
6656 62
6657 62
6658 62
6659 62
6660 62
6661 62
6662 62
6663 62
6664 62
6665 62
6666 62
6667 62
6668 62
6669 62
6670 62
6671 62
6672 62
6673 62
6674 62
6675 62
6676 62
6677 62
6678 62
6679 62
6680 62
6681 62
6682 62
6683 62
6684 62
6685 62
6686 62
6687 62
6688 62
6689 62
6690 62
6691 62
6692 62
6693 62
6694 62
6695 62
6696 63
6697 63
6698 63
6699 63
6700 63
6701 63
6702 63
6703 63
6704 63
6705 63
6706 63
6707 63
6708 63
6709 63
6710 63
6711 63
6712 63
6713 63
6714 63
6715 63
6716 63
6717 63
6718 63
6719 63
6720 63
6721 63
6722 63
6723 63
6724 63
6725 63
6726 63
6727 63
6728 63
6729 63
6730 63
6731 63
6732 63
6733 63
6734 63
6735 63
6736 63
6737 63
6738 63
6739 63
6740 63
6741 63
6742 63
6743 63
6744 63
6745 63
6746 63
6747 63
6748 63
6749 63
6750 63
6751 63
6752 63
6753 63
6754 63
6755 63
6756 63
6757 63
6758 63
6759 63
6760 63
6761 63
6762 63
6763 63
6764 63
6765 63
6766 63
6767 63
6768 63
6769 63
6770 63
6771 63
6772 63
6773 63
6774 63
6775 63
6776 63
6777 63
6778 63
6779 63
6780 63
6781 63
6782 63
6783 63
6784 63
6785 63
6786 63
6787 63
6788 63
6789 63
6790 63
6791 63
6792 63
6793 63
6794 63
6795 63
6796 63
6797 63
6798 63
6799 63
6800 63
6801 63
6802 63
6803 63
6804 64
6805 64
6806 64
6807 64
6808 64
6809 64
6810 64
6811 64
6812 64
6813 64
6814 64
6815 64
6816 64
6817 64
6818 64
6819 64
6820 64
6821 64
6822 64
6823 64
6824 64
6825 64
6826 64
6827 64
6828 64
6829 64
6830 64
6831 64
6832 64
6833 64
6834 64
6835 64
6836 64
6837 64
6838 64
6839 64
6840 64
6841 64
6842 64
6843 64
6844 64
6845 64
6846 64
6847 64
6848 64
6849 64
6850 64
6851 64
6852 64
6853 64
6854 64
6855 64
6856 64
6857 64
6858 64
6859 64
6860 64
6861 64
6862 64
6863 64
6864 64
6865 64
6866 64
6867 64
6868 64
6869 64
6870 64
6871 64
6872 64
6873 64
6874 64
6875 64
6876 64
6877 64
6878 64
6879 64
6880 64
6881 64
6882 64
6883 64
6884 64
6885 64
6886 64
6887 64
6888 64
6889 64
6890 64
6891 64
6892 64
6893 64
6894 64
6895 64
6896 64
6897 64
6898 64
6899 64
6900 64
6901 64
6902 64
6903 64
6904 64
6905 64
6906 64
6907 64
6908 64
6909 64
6910 64
6911 64
6912 65
6913 65
6914 65
6915 65
6916 65
6917 65
6918 65
6919 65
6920 65
6921 65
6922 65
6923 65
6924 65
6925 65
6926 65
6927 65
6928 65
6929 65
6930 65
6931 65
6932 65
6933 65
6934 65
6935 65
6936 65
6937 65
6938 65
6939 65
6940 65
6941 65
6942 65
6943 65
6944 65
6945 65
6946 65
6947 65
6948 65
6949 65
6950 65
6951 65
6952 65
6953 65
6954 65
6955 65
6956 65
6957 65
6958 65
6959 65
6960 65
6961 65
6962 65
6963 65
6964 65
6965 65
6966 65
6967 65
6968 65
6969 65
6970 65
6971 65
6972 65
6973 65
6974 65
6975 65
6976 65
6977 65
6978 65
6979 65
6980 65
6981 65
6982 65
6983 65
6984 65
6985 65
6986 65
6987 65
6988 65
6989 65
6990 65
6991 65
6992 65
6993 65
6994 65
6995 65
6996 65
6997 65
6998 65
6999 65
7000 65
7001 65
7002 65
7003 65
7004 65
7005 65
7006 65
7007 65
7008 65
7009 65
7010 65
7011 65
7012 65
7013 65
7014 65
7015 65
7016 65
7017 65
7018 65
7019 65
7020 66
7021 66
7022 66
7023 66
7024 66
7025 66
7026 66
7027 66
7028 66
7029 66
7030 66
7031 66
7032 66
7033 66
7034 66
7035 66
7036 66
7037 66
7038 66
7039 66
7040 66
7041 66
7042 66
7043 66
7044 66
7045 66
7046 66
7047 66
7048 66
7049 66
7050 66
7051 66
7052 66
7053 66
7054 66
7055 66
7056 66
7057 66
7058 66
7059 66
7060 66
7061 66
7062 66
7063 66
7064 66
7065 66
7066 66
7067 66
7068 66
7069 66
7070 66
7071 66
7072 66
7073 66
7074 66
7075 66
7076 66
7077 66
7078 66
7079 66
7080 66
7081 66
7082 66
7083 66
7084 66
7085 66
7086 66
7087 66
7088 66
7089 66
7090 66
7091 66
7092 66
7093 66
7094 66
7095 66
7096 66
7097 66
7098 66
7099 66
7100 66
7101 66
7102 66
7103 66
7104 66
7105 66
7106 66
7107 66
7108 66
7109 66
7110 66
7111 66
7112 66
7113 66
7114 66
7115 66
7116 66
7117 66
7118 66
7119 66
7120 66
7121 66
7122 66
7123 66
7124 66
7125 66
7126 66
7127 66
7128 67
7129 67
7130 67
7131 67
7132 67
7133 67
7134 67
7135 67
7136 67
7137 67
7138 67
7139 67
7140 67
7141 67
7142 67
7143 67
7144 67
7145 67
7146 67
7147 67
7148 67
7149 67
7150 67
7151 67
7152 67
7153 67
7154 67
7155 67
7156 67
7157 67
7158 67
7159 67
7160 67
7161 67
7162 67
7163 67
7164 67
7165 67
7166 67
7167 67
7168 67
7169 67
7170 67
7171 67
7172 67
7173 67
7174 67
7175 67
7176 67
7177 67
7178 67
7179 67
7180 67
7181 67
7182 67
7183 67
7184 67
7185 67
7186 67
7187 67
7188 67
7189 67
7190 67
7191 67
7192 67
7193 67
7194 67
7195 67
7196 67
7197 67
7198 67
7199 67
7200 67
7201 67
7202 67
7203 67
7204 67
7205 67
7206 67
7207 67
7208 67
7209 67
7210 67
7211 67
7212 67
7213 67
7214 67
7215 67
7216 67
7217 67
7218 67
7219 67
7220 67
7221 67
7222 67
7223 67
7224 67
7225 67
7226 67
7227 67
7228 67
7229 67
7230 67
7231 67
7232 67
7233 67
7234 67
7235 67
7236 68
7237 68
7238 68
7239 68
7240 68
7241 68
7242 68
7243 68
7244 68
7245 68
7246 68
7247 68
7248 68
7249 68
7250 68
7251 68
7252 68
7253 68
7254 68
7255 68
7256 68
7257 68
7258 68
7259 68
7260 68
7261 68
7262 68
7263 68
7264 68
7265 68
7266 68
7267 68
7268 68
7269 68
7270 68
7271 68
7272 68
7273 68
7274 68
7275 68
7276 68
7277 68
7278 68
7279 68
7280 68
7281 68
7282 68
7283 68
7284 68
7285 68
7286 68
7287 68
7288 68
7289 68
7290 68
7291 68
7292 68
7293 68
7294 68
7295 68
7296 68
7297 68
7298 68
7299 68
7300 68
7301 68
7302 68
7303 68
7304 68
7305 68
7306 68
7307 68
7308 68
7309 68
7310 68
7311 68
7312 68
7313 68
7314 68
7315 68
7316 68
7317 68
7318 68
7319 68
7320 68
7321 68
7322 68
7323 68
7324 68
7325 68
7326 68
7327 68
7328 68
7329 68
7330 68
7331 68
7332 68
7333 68
7334 68
7335 68
7336 68
7337 68
7338 68
7339 68
7340 68
7341 68
7342 68
7343 68
7344 69
7345 69
7346 69
7347 69
7348 69
7349 69
7350 69
7351 69
7352 69
7353 69
7354 69
7355 69
7356 69
7357 69
7358 69
7359 69
7360 69
7361 69
7362 69
7363 69
7364 69
7365 69
7366 69
7367 69
7368 69
7369 69
7370 69
7371 69
7372 69
7373 69
7374 69
7375 69
7376 69
7377 69
7378 69
7379 69
7380 69
7381 69
7382 69
7383 69
7384 69
7385 69
7386 69
7387 69
7388 69
7389 69
7390 69
7391 69
7392 69
7393 69
7394 69
7395 69
7396 69
7397 69
7398 69
7399 69
7400 69
7401 69
7402 69
7403 69
7404 69
7405 69
7406 69
7407 69
7408 69
7409 69
7410 69
7411 69
7412 69
7413 69
7414 69
7415 69
7416 69
7417 69
7418 69
7419 69
7420 69
7421 69
7422 69
7423 69
7424 69
7425 69
7426 69
7427 69
7428 69
7429 69
7430 69
7431 69
7432 69
7433 69
7434 69
7435 69
7436 69
7437 69
7438 69
7439 69
7440 69
7441 69
7442 69
7443 69
7444 69
7445 69
7446 69
7447 69
7448 69
7449 69
7450 69
7451 69
7452 70
7453 70
7454 70
7455 70
7456 70
7457 70
7458 70
7459 70
7460 70
7461 70
7462 70
7463 70
7464 70
7465 70
7466 70
7467 70
7468 70
7469 70
7470 70
7471 70
7472 70
7473 70
7474 70
7475 70
7476 70
7477 70
7478 70
7479 70
7480 70
7481 70
7482 70
7483 70
7484 70
7485 70
7486 70
7487 70
7488 70
7489 70
7490 70
7491 70
7492 70
7493 70
7494 70
7495 70
7496 70
7497 70
7498 70
7499 70
7500 70
7501 70
7502 70
7503 70
7504 70
7505 70
7506 70
7507 70
7508 70
7509 70
7510 70
7511 70
7512 70
7513 70
7514 70
7515 70
7516 70
7517 70
7518 70
7519 70
7520 70
7521 70
7522 70
7523 70
7524 70
7525 70
7526 70
7527 70
7528 70
7529 70
7530 70
7531 70
7532 70
7533 70
7534 70
7535 70
7536 70
7537 70
7538 70
7539 70
7540 70
7541 70
7542 70
7543 70
7544 70
7545 70
7546 70
7547 70
7548 70
7549 70
7550 70
7551 70
7552 70
7553 70
7554 70
7555 70
7556 70
7557 70
7558 70
7559 70
7560 71
7561 71
7562 71
7563 71
7564 71
7565 71
7566 71
7567 71
7568 71
7569 71
7570 71
7571 71
7572 71
7573 71
7574 71
7575 71
7576 71
7577 71
7578 71
7579 71
7580 71
7581 71
7582 71
7583 71
7584 71
7585 71
7586 71
7587 71
7588 71
7589 71
7590 71
7591 71
7592 71
7593 71
7594 71
7595 71
7596 71
7597 71
7598 71
7599 71
7600 71
7601 71
7602 71
7603 71
7604 71
7605 71
7606 71
7607 71
7608 71
7609 71
7610 71
7611 71
7612 71
7613 71
7614 71
7615 71
7616 71
7617 71
7618 71
7619 71
7620 71
7621 71
7622 71
7623 71
7624 71
7625 71
7626 71
7627 71
7628 71
7629 71
7630 71
7631 71
7632 71
7633 71
7634 71
7635 71
7636 71
7637 71
7638 71
7639 71
7640 71
7641 71
7642 71
7643 71
7644 71
7645 71
7646 71
7647 71
7648 71
7649 71
7650 71
7651 71
7652 71
7653 71
7654 71
7655 71
7656 71
7657 71
7658 71
7659 71
7660 71
7661 71
7662 71
7663 71
7664 71
7665 71
7666 71
7667 71
7668 72
7669 72
7670 72
7671 72
7672 72
7673 72
7674 72
7675 72
7676 72
7677 72
7678 72
7679 72
7680 72
7681 72
7682 72
7683 72
7684 72
7685 72
7686 72
7687 72
7688 72
7689 72
7690 72
7691 72
7692 72
7693 72
7694 72
7695 72
7696 72
7697 72
7698 72
7699 72
7700 72
7701 72
7702 72
7703 72
7704 72
7705 72
7706 72
7707 72
7708 72
7709 72
7710 72
7711 72
7712 72
7713 72
7714 72
7715 72
7716 72
7717 72
7718 72
7719 72
7720 72
7721 72
7722 72
7723 72
7724 72
7725 72
7726 72
7727 72
7728 72
7729 72
7730 72
7731 72
7732 72
7733 72
7734 72
7735 72
7736 72
7737 72
7738 72
7739 72
7740 72
7741 72
7742 72
7743 72
7744 72
7745 72
7746 72
7747 72
7748 72
7749 72
7750 72
7751 72
7752 72
7753 72
7754 72
7755 72
7756 72
7757 72
7758 72
7759 72
7760 72
7761 72
7762 72
7763 72
7764 72
7765 72
7766 72
7767 72
7768 72
7769 72
7770 72
7771 72
7772 72
7773 72
7774 72
7775 72
7776 73
7777 73
7778 73
7779 73
7780 73
7781 73
7782 73
7783 73
7784 73
7785 73
7786 73
7787 73
7788 73
7789 73
7790 73
7791 73
7792 73
7793 73
7794 73
7795 73
7796 73
7797 73
7798 73
7799 73
7800 73
7801 73
7802 73
7803 73
7804 73
7805 73
7806 73
7807 73
7808 73
7809 73
7810 73
7811 73
7812 73
7813 73
7814 73
7815 73
7816 73
7817 73
7818 73
7819 73
7820 73
7821 73
7822 73
7823 73
7824 73
7825 73
7826 73
7827 73
7828 73
7829 73
7830 73
7831 73
7832 73
7833 73
7834 73
7835 73
7836 73
7837 73
7838 73
7839 73
7840 73
7841 73
7842 73
7843 73
7844 73
7845 73
7846 73
7847 73
7848 73
7849 73
7850 73
7851 73
7852 73
7853 73
7854 73
7855 73
7856 73
7857 73
7858 73
7859 73
7860 73
7861 73
7862 73
7863 73
7864 73
7865 73
7866 73
7867 73
7868 73
7869 73
7870 73
7871 73
7872 73
7873 73
7874 73
7875 73
7876 73
7877 73
7878 73
7879 73
7880 73
7881 73
7882 73
7883 73
7884 74
7885 74
7886 74
7887 74
7888 74
7889 74
7890 74
7891 74
7892 74
7893 74
7894 74
7895 74
7896 74
7897 74
7898 74
7899 74
7900 74
7901 74
7902 74
7903 74
7904 74
7905 74
7906 74
7907 74
7908 74
7909 74
7910 74
7911 74
7912 74
7913 74
7914 74
7915 74
7916 74
7917 74
7918 74
7919 74
7920 74
7921 74
7922 74
7923 74
7924 74
7925 74
7926 74
7927 74
7928 74
7929 74
7930 74
7931 74
7932 74
7933 74
7934 74
7935 74
7936 74
7937 74
7938 74
7939 74
7940 74
7941 74
7942 74
7943 74
7944 74
7945 74
7946 74
7947 74
7948 74
7949 74
7950 74
7951 74
7952 74
7953 74
7954 74
7955 74
7956 74
7957 74
7958 74
7959 74
7960 74
7961 74
7962 74
7963 74
7964 74
7965 74
7966 74
7967 74
7968 74
7969 74
7970 74
7971 74
7972 74
7973 74
7974 74
7975 74
7976 74
7977 74
7978 74
7979 74
7980 74
7981 74
7982 74
7983 74
7984 74
7985 74
7986 74
7987 74
7988 74
7989 74
7990 74
7991 74
7992 75
7993 75
7994 75
7995 75
7996 75
7997 75
7998 75
7999 75
8000 75
8001 75
8002 75
8003 75
8004 75
8005 75
8006 75
8007 75
8008 75
8009 75
8010 75
8011 75
8012 75
8013 75
8014 75
8015 75
8016 75
8017 75
8018 75
8019 75
8020 75
8021 75
8022 75
8023 75
8024 75
8025 75
8026 75
8027 75
8028 75
8029 75
8030 75
8031 75
8032 75
8033 75
8034 75
8035 75
8036 75
8037 75
8038 75
8039 75
8040 75
8041 75
8042 75
8043 75
8044 75
8045 75
8046 75
8047 75
8048 75
8049 75
8050 75
8051 75
8052 75
8053 75
8054 75
8055 75
8056 75
8057 75
8058 75
8059 75
8060 75
8061 75
8062 75
8063 75
8064 75
8065 75
8066 75
8067 75
8068 75
8069 75
8070 75
8071 75
8072 75
8073 75
8074 75
8075 75
8076 75
8077 75
8078 75
8079 75
8080 75
8081 75
8082 75
8083 75
8084 75
8085 75
8086 75
8087 75
8088 75
8089 75
8090 75
8091 75
8092 75
8093 75
8094 75
8095 75
8096 75
8097 75
8098 75
8099 75
8100 76
8101 76
8102 76
8103 76
8104 76
8105 76
8106 76
8107 76
8108 76
8109 76
8110 76
8111 76
8112 76
8113 76
8114 76
8115 76
8116 76
8117 76
8118 76
8119 76
8120 76
8121 76
8122 76
8123 76
8124 76
8125 76
8126 76
8127 76
8128 76
8129 76
8130 76
8131 76
8132 76
8133 76
8134 76
8135 76
8136 76
8137 76
8138 76
8139 76
8140 76
8141 76
8142 76
8143 76
8144 76
8145 76
8146 76
8147 76
8148 76
8149 76
8150 76
8151 76
8152 76
8153 76
8154 76
8155 76
8156 76
8157 76
8158 76
8159 76
8160 76
8161 76
8162 76
8163 76
8164 76
8165 76
8166 76
8167 76
8168 76
8169 76
8170 76
8171 76
8172 76
8173 76
8174 76
8175 76
8176 76
8177 76
8178 76
8179 76
8180 76
8181 76
8182 76
8183 76
8184 76
8185 76
8186 76
8187 76
8188 76
8189 76
8190 76
8191 76
8192 76
8193 76
8194 76
8195 76
8196 76
8197 76
8198 76
8199 76
8200 76
8201 76
8202 76
8203 76
8204 76
8205 76
8206 76
8207 76
8208 77
8209 77
8210 77
8211 77
8212 77
8213 77
8214 77
8215 77
8216 77
8217 77
8218 77
8219 77
8220 77
8221 77
8222 77
8223 77
8224 77
8225 77
8226 77
8227 77
8228 77
8229 77
8230 77
8231 77
8232 77
8233 77
8234 77
8235 77
8236 77
8237 77
8238 77
8239 77
8240 77
8241 77
8242 77
8243 77
8244 77
8245 77
8246 77
8247 77
8248 77
8249 77
8250 77
8251 77
8252 77
8253 77
8254 77
8255 77
8256 77
8257 77
8258 77
8259 77
8260 77
8261 77
8262 77
8263 77
8264 77
8265 77
8266 77
8267 77
8268 77
8269 77
8270 77
8271 77
8272 77
8273 77
8274 77
8275 77
8276 77
8277 77
8278 77
8279 77
8280 77
8281 77
8282 77
8283 77
8284 77
8285 77
8286 77
8287 77
8288 77
8289 77
8290 77
8291 77
8292 77
8293 77
8294 77
8295 77
8296 77
8297 77
8298 77
8299 77
8300 77
8301 77
8302 77
8303 77
8304 77
8305 77
8306 77
8307 77
8308 77
8309 77
8310 77
8311 77
8312 77
8313 77
8314 77
8315 77
8316 78
8317 78
8318 78
8319 78
8320 78
8321 78
8322 78
8323 78
8324 78
8325 78
8326 78
8327 78
8328 78
8329 78
8330 78
8331 78
8332 78
8333 78
8334 78
8335 78
8336 78
8337 78
8338 78
8339 78
8340 78
8341 78
8342 78
8343 78
8344 78
8345 78
8346 78
8347 78
8348 78
8349 78
8350 78
8351 78
8352 78
8353 78
8354 78
8355 78
8356 78
8357 78
8358 78
8359 78
8360 78
8361 78
8362 78
8363 78
8364 78
8365 78
8366 78
8367 78
8368 78
8369 78
8370 78
8371 78
8372 78
8373 78
8374 78
8375 78
8376 78
8377 78
8378 78
8379 78
8380 78
8381 78
8382 78
8383 78
8384 78
8385 78
8386 78
8387 78
8388 78
8389 78
8390 78
8391 78
8392 78
8393 78
8394 78
8395 78
8396 78
8397 78
8398 78
8399 78
8400 78
8401 78
8402 78
8403 78
8404 78
8405 78
8406 78
8407 78
8408 78
8409 78
8410 78
8411 78
8412 78
8413 78
8414 78
8415 78
8416 78
8417 78
8418 78
8419 78
8420 78
8421 78
8422 78
8423 78
8424 79
8425 79
8426 79
8427 79
8428 79
8429 79
8430 79
8431 79
8432 79
8433 79
8434 79
8435 79
8436 79
8437 79
8438 79
8439 79
8440 79
8441 79
8442 79
8443 79
8444 79
8445 79
8446 79
8447 79
8448 79
8449 79
8450 79
8451 79
8452 79
8453 79
8454 79
8455 79
8456 79
8457 79
8458 79
8459 79
8460 79
8461 79
8462 79
8463 79
8464 79
8465 79
8466 79
8467 79
8468 79
8469 79
8470 79
8471 79
8472 79
8473 79
8474 79
8475 79
8476 79
8477 79
8478 79
8479 79
8480 79
8481 79
8482 79
8483 79
8484 79
8485 79
8486 79
8487 79
8488 79
8489 79
8490 79
8491 79
8492 79
8493 79
8494 79
8495 79
8496 79
8497 79
8498 79
8499 79
8500 79
8501 79
8502 79
8503 79
8504 79
8505 79
8506 79
8507 79
8508 79
8509 79
8510 79
8511 79
8512 79
8513 79
8514 79
8515 79
8516 79
8517 79
8518 79
8519 79
8520 79
8521 79
8522 79
8523 79
8524 79
8525 79
8526 79
8527 79
8528 79
8529 79
8530 79
8531 79
8532 80
8533 80
8534 80
8535 80
8536 80
8537 80
8538 80
8539 80
8540 80
8541 80
8542 80
8543 80
8544 80
8545 80
8546 80
8547 80
8548 80
8549 80
8550 80
8551 80
8552 80
8553 80
8554 80
8555 80
8556 80
8557 80
8558 80
8559 80
8560 80
8561 80
8562 80
8563 80
8564 80
8565 80
8566 80
8567 80
8568 80
8569 80
8570 80
8571 80
8572 80
8573 80
8574 80
8575 80
8576 80
8577 80
8578 80
8579 80
8580 80
8581 80
8582 80
8583 80
8584 80
8585 80
8586 80
8587 80
8588 80
8589 80
8590 80
8591 80
8592 80
8593 80
8594 80
8595 80
8596 80
8597 80
8598 80
8599 80
8600 80
8601 80
8602 80
8603 80
8604 80
8605 80
8606 80
8607 80
8608 80
8609 80
8610 80
8611 80
8612 80
8613 80
8614 80
8615 80
8616 80
8617 80
8618 80
8619 80
8620 80
8621 80
8622 80
8623 80
8624 80
8625 80
8626 80
8627 80
8628 80
8629 80
8630 80
8631 80
8632 80
8633 80
8634 80
8635 80
8636 80
8637 80
8638 80
8639 80
8640 81
8641 81
8642 81
8643 81
8644 81
8645 81
8646 81
8647 81
8648 81
8649 81
8650 81
8651 81
8652 81
8653 81
8654 81
8655 81
8656 81
8657 81
8658 81
8659 81
8660 81
8661 81
8662 81
8663 81
8664 81
8665 81
8666 81
8667 81
8668 81
8669 81
8670 81
8671 81
8672 81
8673 81
8674 81
8675 81
8676 81
8677 81
8678 81
8679 81
8680 81
8681 81
8682 81
8683 81
8684 81
8685 81
8686 81
8687 81
8688 81
8689 81
8690 81
8691 81
8692 81
8693 81
8694 81
8695 81
8696 81
8697 81
8698 81
8699 81
8700 81
8701 81
8702 81
8703 81
8704 81
8705 81
8706 81
8707 81
8708 81
8709 81
8710 81
8711 81
8712 81
8713 81
8714 81
8715 81
8716 81
8717 81
8718 81
8719 81
8720 81
8721 81
8722 81
8723 81
8724 81
8725 81
8726 81
8727 81
8728 81
8729 81
8730 81
8731 81
8732 81
8733 81
8734 81
8735 81
8736 81
8737 81
8738 81
8739 81
8740 81
8741 81
8742 81
8743 81
8744 81
8745 81
8746 81
8747 81
8748 82
8749 82
8750 82
8751 82
8752 82
8753 82
8754 82
8755 82
8756 82
8757 82
8758 82
8759 82
8760 82
8761 82
8762 82
8763 82
8764 82
8765 82
8766 82
8767 82
8768 82
8769 82
8770 82
8771 82
8772 82
8773 82
8774 82
8775 82
8776 82
8777 82
8778 82
8779 82
8780 82
8781 82
8782 82
8783 82
8784 82
8785 82
8786 82
8787 82
8788 82
8789 82
8790 82
8791 82
8792 82
8793 82
8794 82
8795 82
8796 82
8797 82
8798 82
8799 82
8800 82
8801 82
8802 82
8803 82
8804 82
8805 82
8806 82
8807 82
8808 82
8809 82
8810 82
8811 82
8812 82
8813 82
8814 82
8815 82
8816 82
8817 82
8818 82
8819 82
8820 82
8821 82
8822 82
8823 82
8824 82
8825 82
8826 82
8827 82
8828 82
8829 82
8830 82
8831 82
8832 82
8833 82
8834 82
8835 82
8836 82
8837 82
8838 82
8839 82
8840 82
8841 82
8842 82
8843 82
8844 82
8845 82
8846 82
8847 82
8848 82
8849 82
8850 82
8851 82
8852 82
8853 82
8854 82
8855 82
8856 83
8857 83
8858 83
8859 83
8860 83
8861 83
8862 83
8863 83
8864 83
8865 83
8866 83
8867 83
8868 83
8869 83
8870 83
8871 83
8872 83
8873 83
8874 83
8875 83
8876 83
8877 83
8878 83
8879 83
8880 83
8881 83
8882 83
8883 83
8884 83
8885 83
8886 83
8887 83
8888 83
8889 83
8890 83
8891 83
8892 83
8893 83
8894 83
8895 83
8896 83
8897 83
8898 83
8899 83
8900 83
8901 83
8902 83
8903 83
8904 83
8905 83
8906 83
8907 83
8908 83
8909 83
8910 83
8911 83
8912 83
8913 83
8914 83
8915 83
8916 83
8917 83
8918 83
8919 83
8920 83
8921 83
8922 83
8923 83
8924 83
8925 83
8926 83
8927 83
8928 83
8929 83
8930 83
8931 83
8932 83
8933 83
8934 83
8935 83
8936 83
8937 83
8938 83
8939 83
8940 83
8941 83
8942 83
8943 83
8944 83
8945 83
8946 83
8947 83
8948 83
8949 83
8950 83
8951 83
8952 83
8953 83
8954 83
8955 83
8956 83
8957 83
8958 83
8959 83
8960 83
8961 83
8962 83
8963 83
8964 84
8965 84
8966 84
8967 84
8968 84
8969 84
8970 84
8971 84
8972 84
8973 84
8974 84
8975 84
8976 84
8977 84
8978 84
8979 84
8980 84
8981 84
8982 84
8983 84
8984 84
8985 84
8986 84
8987 84
8988 84
8989 84
8990 84
8991 84
8992 84
8993 84
8994 84
8995 84
8996 84
8997 84
8998 84
8999 84
9000 84
9001 84
9002 84
9003 84
9004 84
9005 84
9006 84
9007 84
9008 84
9009 84
9010 84
9011 84
9012 84
9013 84
9014 84
9015 84
9016 84
9017 84
9018 84
9019 84
9020 84
9021 84
9022 84
9023 84
9024 84
9025 84
9026 84
9027 84
9028 84
9029 84
9030 84
9031 84
9032 84
9033 84
9034 84
9035 84
9036 84
9037 84
9038 84
9039 84
9040 84
9041 84
9042 84
9043 84
9044 84
9045 84
9046 84
9047 84
9048 84
9049 84
9050 84
9051 84
9052 84
9053 84
9054 84
9055 84
9056 84
9057 84
9058 84
9059 84
9060 84
9061 84
9062 84
9063 84
9064 84
9065 84
9066 84
9067 84
9068 84
9069 84
9070 84
9071 84
9072 85
9073 85
9074 85
9075 85
9076 85
9077 85
9078 85
9079 85
9080 85
9081 85
9082 85
9083 85
9084 85
9085 85
9086 85
9087 85
9088 85
9089 85
9090 85
9091 85
9092 85
9093 85
9094 85
9095 85
9096 85
9097 85
9098 85
9099 85
9100 85
9101 85
9102 85
9103 85
9104 85
9105 85
9106 85
9107 85
9108 85
9109 85
9110 85
9111 85
9112 85
9113 85
9114 85
9115 85
9116 85
9117 85
9118 85
9119 85
9120 85
9121 85
9122 85
9123 85
9124 85
9125 85
9126 85
9127 85
9128 85
9129 85
9130 85
9131 85
9132 85
9133 85
9134 85
9135 85
9136 85
9137 85
9138 85
9139 85
9140 85
9141 85
9142 85
9143 85
9144 85
9145 85
9146 85
9147 85
9148 85
9149 85
9150 85
9151 85
9152 85
9153 85
9154 85
9155 85
9156 85
9157 85
9158 85
9159 85
9160 85
9161 85
9162 85
9163 85
9164 85
9165 85
9166 85
9167 85
9168 85
9169 85
9170 85
9171 85
9172 85
9173 85
9174 85
9175 85
9176 85
9177 85
9178 85
9179 85
9180 86
9181 86
9182 86
9183 86
9184 86
9185 86
9186 86
9187 86
9188 86
9189 86
9190 86
9191 86
9192 86
9193 86
9194 86
9195 86
9196 86
9197 86
9198 86
9199 86
9200 86
9201 86
9202 86
9203 86
9204 86
9205 86
9206 86
9207 86
9208 86
9209 86
9210 86
9211 86
9212 86
9213 86
9214 86
9215 86
9216 86
9217 86
9218 86
9219 86
9220 86
9221 86
9222 86
9223 86
9224 86
9225 86
9226 86
9227 86
9228 86
9229 86
9230 86
9231 86
9232 86
9233 86
9234 86
9235 86
9236 86
9237 86
9238 86
9239 86
9240 86
9241 86
9242 86
9243 86
9244 86
9245 86
9246 86
9247 86
9248 86
9249 86
9250 86
9251 86
9252 86
9253 86
9254 86
9255 86
9256 86
9257 86
9258 86
9259 86
9260 86
9261 86
9262 86
9263 86
9264 86
9265 86
9266 86
9267 86
9268 86
9269 86
9270 86
9271 86
9272 86
9273 86
9274 86
9275 86
9276 86
9277 86
9278 86
9279 86
9280 86
9281 86
9282 86
9283 86
9284 86
9285 86
9286 86
9287 86
9288 87
9289 87
9290 87
9291 87
9292 87
9293 87
9294 87
9295 87
9296 87
9297 87
9298 87
9299 87
9300 87
9301 87
9302 87
9303 87
9304 87
9305 87
9306 87
9307 87
9308 87
9309 87
9310 87
9311 87
9312 87
9313 87
9314 87
9315 87
9316 87
9317 87
9318 87
9319 87
9320 87
9321 87
9322 87
9323 87
9324 87
9325 87
9326 87
9327 87
9328 87
9329 87
9330 87
9331 87
9332 87
9333 87
9334 87
9335 87
9336 87
9337 87
9338 87
9339 87
9340 87
9341 87
9342 87
9343 87
9344 87
9345 87
9346 87
9347 87
9348 87
9349 87
9350 87
9351 87
9352 87
9353 87
9354 87
9355 87
9356 87
9357 87
9358 87
9359 87
9360 87
9361 87
9362 87
9363 87
9364 87
9365 87
9366 87
9367 87
9368 87
9369 87
9370 87
9371 87
9372 87
9373 87
9374 87
9375 87
9376 87
9377 87
9378 87
9379 87
9380 87
9381 87
9382 87
9383 87
9384 87
9385 87
9386 87
9387 87
9388 87
9389 87
9390 87
9391 87
9392 87
9393 87
9394 87
9395 87
9396 88
9397 88
9398 88
9399 88
9400 88
9401 88
9402 88
9403 88
9404 88
9405 88
9406 88
9407 88
9408 88
9409 88
9410 88
9411 88
9412 88
9413 88
9414 88
9415 88
9416 88
9417 88
9418 88
9419 88
9420 88
9421 88
9422 88
9423 88
9424 88
9425 88
9426 88
9427 88
9428 88
9429 88
9430 88
9431 88
9432 88
9433 88
9434 88
9435 88
9436 88
9437 88
9438 88
9439 88
9440 88
9441 88
9442 88
9443 88
9444 88
9445 88
9446 88
9447 88
9448 88
9449 88
9450 88
9451 88
9452 88
9453 88
9454 88
9455 88
9456 88
9457 88
9458 88
9459 88
9460 88
9461 88
9462 88
9463 88
9464 88
9465 88
9466 88
9467 88
9468 88
9469 88
9470 88
9471 88
9472 88
9473 88
9474 88
9475 88
9476 88
9477 88
9478 88
9479 88
9480 88
9481 88
9482 88
9483 88
9484 88
9485 88
9486 88
9487 88
9488 88
9489 88
9490 88
9491 88
9492 88
9493 88
9494 88
9495 88
9496 88
9497 88
9498 88
9499 88
9500 88
9501 88
9502 88
9503 88
9504 89
9505 89
9506 89
9507 89
9508 89
9509 89
9510 89
9511 89
9512 89
9513 89
9514 89
9515 89
9516 89
9517 89
9518 89
9519 89
9520 89
9521 89
9522 89
9523 89
9524 89
9525 89
9526 89
9527 89
9528 89
9529 89
9530 89
9531 89
9532 89
9533 89
9534 89
9535 89
9536 89
9537 89
9538 89
9539 89
9540 89
9541 89
9542 89
9543 89
9544 89
9545 89
9546 89
9547 89
9548 89
9549 89
9550 89
9551 89
9552 89
9553 89
9554 89
9555 89
9556 89
9557 89
9558 89
9559 89
9560 89
9561 89
9562 89
9563 89
9564 89
9565 89
9566 89
9567 89
9568 89
9569 89
9570 89
9571 89
9572 89
9573 89
9574 89
9575 89
9576 89
9577 89
9578 89
9579 89
9580 89
9581 89
9582 89
9583 89
9584 89
9585 89
9586 89
9587 89
9588 89
9589 89
9590 89
9591 89
9592 89
9593 89
9594 89
9595 89
9596 89
9597 89
9598 89
9599 89
9600 89
9601 89
9602 89
9603 89
9604 89
9605 89
9606 89
9607 89
9608 89
9609 89
9610 89
9611 89
9612 90
9613 90
9614 90
9615 90
9616 90
9617 90
9618 90
9619 90
9620 90
9621 90
9622 90
9623 90
9624 90
9625 90
9626 90
9627 90
9628 90
9629 90
9630 90
9631 90
9632 90
9633 90
9634 90
9635 90
9636 90
9637 90
9638 90
9639 90
9640 90
9641 90
9642 90
9643 90
9644 90
9645 90
9646 90
9647 90
9648 90
9649 90
9650 90
9651 90
9652 90
9653 90
9654 90
9655 90
9656 90
9657 90
9658 90
9659 90
9660 90
9661 90
9662 90
9663 90
9664 90
9665 90
9666 90
9667 90
9668 90
9669 90
9670 90
9671 90
9672 90
9673 90
9674 90
9675 90
9676 90
9677 90
9678 90
9679 90
9680 90
9681 90
9682 90
9683 90
9684 90
9685 90
9686 90
9687 90
9688 90
9689 90
9690 90
9691 90
9692 90
9693 90
9694 90
9695 90
9696 90
9697 90
9698 90
9699 90
9700 90
9701 90
9702 90
9703 90
9704 90
9705 90
9706 90
9707 90
9708 90
9709 90
9710 90
9711 90
9712 90
9713 90
9714 90
9715 90
9716 90
9717 90
9718 90
9719 90
9720 91
9721 91
9722 91
9723 91
9724 91
9725 91
9726 91
9727 91
9728 91
9729 91
9730 91
9731 91
9732 91
9733 91
9734 91
9735 91
9736 91
9737 91
9738 91
9739 91
9740 91
9741 91
9742 91
9743 91
9744 91
9745 91
9746 91
9747 91
9748 91
9749 91
9750 91
9751 91
9752 91
9753 91
9754 91
9755 91
9756 91
9757 91
9758 91
9759 91
9760 91
9761 91
9762 91
9763 91
9764 91
9765 91
9766 91
9767 91
9768 91
9769 91
9770 91
9771 91
9772 91
9773 91
9774 91
9775 91
9776 91
9777 91
9778 91
9779 91
9780 91
9781 91
9782 91
9783 91
9784 91
9785 91
9786 91
9787 91
9788 91
9789 91
9790 91
9791 91
9792 91
9793 91
9794 91
9795 91
9796 91
9797 91
9798 91
9799 91
9800 91
9801 91
9802 91
9803 91
9804 91
9805 91
9806 91
9807 91
9808 91
9809 91
9810 91
9811 91
9812 91
9813 91
9814 91
9815 91
9816 91
9817 91
9818 91
9819 91
9820 91
9821 91
9822 91
9823 91
9824 91
9825 91
9826 91
9827 91
9828 92
9829 92
9830 92
9831 92
9832 92
9833 92
9834 92
9835 92
9836 92
9837 92
9838 92
9839 92
9840 92
9841 92
9842 92
9843 92
9844 92
9845 92
9846 92
9847 92
9848 92
9849 92
9850 92
9851 92
9852 92
9853 92
9854 92
9855 92
9856 92
9857 92
9858 92
9859 92
9860 92
9861 92
9862 92
9863 92
9864 92
9865 92
9866 92
9867 92
9868 92
9869 92
9870 92
9871 92
9872 92
9873 92
9874 92
9875 92
9876 92
9877 92
9878 92
9879 92
9880 92
9881 92
9882 92
9883 92
9884 92
9885 92
9886 92
9887 92
9888 92
9889 92
9890 92
9891 92
9892 92
9893 92
9894 92
9895 92
9896 92
9897 92
9898 92
9899 92
9900 92
9901 92
9902 92
9903 92
9904 92
9905 92
9906 92
9907 92
9908 92
9909 92
9910 92
9911 92
9912 92
9913 92
9914 92
9915 92
9916 92
9917 92
9918 92
9919 92
9920 92
9921 92
9922 92
9923 92
9924 92
9925 92
9926 92
9927 92
9928 92
9929 92
9930 92
9931 92
9932 92
9933 92
9934 92
9935 92
9936 93
9937 93
9938 93
9939 93
9940 93
9941 93
9942 93
9943 93
9944 93
9945 93
9946 93
9947 93
9948 93
9949 93
9950 93
9951 93
9952 93
9953 93
9954 93
9955 93
9956 93
9957 93
9958 93
9959 93
9960 93
9961 93
9962 93
9963 93
9964 93
9965 93
9966 93
9967 93
9968 93
9969 93
9970 93
9971 93
9972 93
9973 93
9974 93
9975 93
9976 93
9977 93
9978 93
9979 93
9980 93
9981 93
9982 93
9983 93
9984 93
9985 93
9986 93
9987 93
9988 93
9989 93
9990 93
9991 93
9992 93
9993 93
9994 93
9995 93
9996 93
9997 93
9998 93
9999 93
10000 93
10001 93
10002 93
10003 93
10004 93
10005 93
10006 93
10007 93
10008 93
10009 93
10010 93
10011 93
10012 93
10013 93
10014 93
10015 93
10016 93
10017 93
10018 93
10019 93
10020 93
10021 93
10022 93
10023 93
10024 93
10025 93
10026 93
10027 93
10028 93
10029 93
10030 93
10031 93
10032 93
10033 93
10034 93
10035 93
10036 93
10037 93
10038 93
10039 93
10040 93
10041 93
10042 93
10043 93
10044 94
10045 94
10046 94
10047 94
10048 94
10049 94
10050 94
10051 94
10052 94
10053 94
10054 94
10055 94
10056 94
10057 94
10058 94
10059 94
10060 94
10061 94
10062 94
10063 94
10064 94
10065 94
10066 94
10067 94
10068 94
10069 94
10070 94
10071 94
10072 94
10073 94
10074 94
10075 94
10076 94
10077 94
10078 94
10079 94
10080 94
10081 94
10082 94
10083 94
10084 94
10085 94
10086 94
10087 94
10088 94
10089 94
10090 94
10091 94
10092 94
10093 94
10094 94
10095 94
10096 94
10097 94
10098 94
10099 94
10100 94
10101 94
10102 94
10103 94
10104 94
10105 94
10106 94
10107 94
10108 94
10109 94
10110 94
10111 94
10112 94
10113 94
10114 94
10115 94
10116 94
10117 94
10118 94
10119 94
10120 94
10121 94
10122 94
10123 94
10124 94
10125 94
10126 94
10127 94
10128 94
10129 94
10130 94
10131 94
10132 94
10133 94
10134 94
10135 94
10136 94
10137 94
10138 94
10139 94
10140 94
10141 94
10142 94
10143 94
10144 94
10145 94
10146 94
10147 94
10148 94
10149 94
10150 94
10151 94
10152 95
10153 95
10154 95
10155 95
10156 95
10157 95
10158 95
10159 95
10160 95
10161 95
10162 95
10163 95
10164 95
10165 95
10166 95
10167 95
10168 95
10169 95
10170 95
10171 95
10172 95
10173 95
10174 95
10175 95
10176 95
10177 95
10178 95
10179 95
10180 95
10181 95
10182 95
10183 95
10184 95
10185 95
10186 95
10187 95
10188 95
10189 95
10190 95
10191 95
10192 95
10193 95
10194 95
10195 95
10196 95
10197 95
10198 95
10199 95
10200 95
10201 95
10202 95
10203 95
10204 95
10205 95
10206 95
10207 95
10208 95
10209 95
10210 95
10211 95
10212 95
10213 95
10214 95
10215 95
10216 95
10217 95
10218 95
10219 95
10220 95
10221 95
10222 95
10223 95
10224 95
10225 95
10226 95
10227 95
10228 95
10229 95
10230 95
10231 95
10232 95
10233 95
10234 95
10235 95
10236 95
10237 95
10238 95
10239 95
10240 95
10241 95
10242 95
10243 95
10244 95
10245 95
10246 95
10247 95
10248 95
10249 95
10250 95
10251 95
10252 95
10253 95
10254 95
10255 95
10256 95
10257 95
10258 95
10259 95
10260 96
10261 96
10262 96
10263 96
10264 96
10265 96
10266 96
10267 96
10268 96
10269 96
10270 96
10271 96
10272 96
10273 96
10274 96
10275 96
10276 96
10277 96
10278 96
10279 96
10280 96
10281 96
10282 96
10283 96
10284 96
10285 96
10286 96
10287 96
10288 96
10289 96
10290 96
10291 96
10292 96
10293 96
10294 96
10295 96
10296 96
10297 96
10298 96
10299 96
10300 96
10301 96
10302 96
10303 96
10304 96
10305 96
10306 96
10307 96
10308 96
10309 96
10310 96
10311 96
10312 96
10313 96
10314 96
10315 96
10316 96
10317 96
10318 96
10319 96
10320 96
10321 96
10322 96
10323 96
10324 96
10325 96
10326 96
10327 96
10328 96
10329 96
10330 96
10331 96
10332 96
10333 96
10334 96
10335 96
10336 96
10337 96
10338 96
10339 96
10340 96
10341 96
10342 96
10343 96
10344 96
10345 96
10346 96
10347 96
10348 96
10349 96
10350 96
10351 96
10352 96
10353 96
10354 96
10355 96
10356 96
10357 96
10358 96
10359 96
10360 96
10361 96
10362 96
10363 96
10364 96
10365 96
10366 96
10367 96
10368 97
10369 97
10370 97
10371 97
10372 97
10373 97
10374 97
10375 97
10376 97
10377 97
10378 97
10379 97
10380 97
10381 97
10382 97
10383 97
10384 97
10385 97
10386 97
10387 97
10388 97
10389 97
10390 97
10391 97
10392 97
10393 97
10394 97
10395 97
10396 97
10397 97
10398 97
10399 97
10400 97
10401 97
10402 97
10403 97
10404 97
10405 97
10406 97
10407 97
10408 97
10409 97
10410 97
10411 97
10412 97
10413 97
10414 97
10415 97
10416 97
10417 97
10418 97
10419 97
10420 97
10421 97
10422 97
10423 97
10424 97
10425 97
10426 97
10427 97
10428 97
10429 97
10430 97
10431 97
10432 97
10433 97
10434 97
10435 97
10436 97
10437 97
10438 97
10439 97
10440 97
10441 97
10442 97
10443 97
10444 97
10445 97
10446 97
10447 97
10448 97
10449 97
10450 97
10451 97
10452 97
10453 97
10454 97
10455 97
10456 97
10457 97
10458 97
10459 97
10460 97
10461 97
10462 97
10463 97
10464 97
10465 97
10466 97
10467 97
10468 97
10469 97
10470 97
10471 97
10472 97
10473 97
10474 97
10475 97
10476 98
10477 98
10478 98
10479 98
10480 98
10481 98
10482 98
10483 98
10484 98
10485 98
10486 98
10487 98
10488 98
10489 98
10490 98
10491 98
10492 98
10493 98
10494 98
10495 98
10496 98
10497 98
10498 98
10499 98
10500 98
10501 98
10502 98
10503 98
10504 98
10505 98
10506 98
10507 98
10508 98
10509 98
10510 98
10511 98
10512 98
10513 98
10514 98
10515 98
10516 98
10517 98
10518 98
10519 98
10520 98
10521 98
10522 98
10523 98
10524 98
10525 98
10526 98
10527 98
10528 98
10529 98
10530 98
10531 98
10532 98
10533 98
10534 98
10535 98
10536 98
10537 98
10538 98
10539 98
10540 98
10541 98
10542 98
10543 98
10544 98
10545 98
10546 98
10547 98
10548 98
10549 98
10550 98
10551 98
10552 98
10553 98
10554 98
10555 98
10556 98
10557 98
10558 98
10559 98
10560 98
10561 98
10562 98
10563 98
10564 98
10565 98
10566 98
10567 98
10568 98
10569 98
10570 98
10571 98
10572 98
10573 98
10574 98
10575 98
10576 98
10577 98
10578 98
10579 98
10580 98
10581 98
10582 98
10583 98
10584 99
10585 99
10586 99
10587 99
10588 99
10589 99
10590 99
10591 99
10592 99
10593 99
10594 99
10595 99
10596 99
10597 99
10598 99
10599 99
10600 99
10601 99
10602 99
10603 99
10604 99
10605 99
10606 99
10607 99
10608 99
10609 99
10610 99
10611 99
10612 99
10613 99
10614 99
10615 99
10616 99
10617 99
10618 99
10619 99
10620 99
10621 99
10622 99
10623 99
10624 99
10625 99
10626 99
10627 99
10628 99
10629 99
10630 99
10631 99
10632 99
10633 99
10634 99
10635 99
10636 99
10637 99
10638 99
10639 99
10640 99
10641 99
10642 99
10643 99
10644 99
10645 99
10646 99
10647 99
10648 99
10649 99
10650 99
10651 99
10652 99
10653 99
10654 99
10655 99
10656 99
10657 99
10658 99
10659 99
10660 99
10661 99
10662 99
10663 99
10664 99
10665 99
10666 99
10667 99
10668 99
10669 99
10670 99
10671 99
10672 99
10673 99
10674 99
10675 99
10676 99
10677 99
10678 99
10679 99
10680 99
10681 99
10682 99
10683 99
10684 99
10685 99
10686 99
10687 99
10688 99
10689 99
10690 99
10691 99
10692 100
10693 100
10694 100
10695 100
10696 100
10697 100
10698 100
10699 100
10700 100
10701 100
10702 100
10703 100
10704 100
10705 100
10706 100
10707 100
10708 100
10709 100
10710 100
10711 100
10712 100
10713 100
10714 100
10715 100
10716 100
10717 100
10718 100
10719 100
10720 100
10721 100
10722 100
10723 100
10724 100
10725 100
10726 100
10727 100
10728 100
10729 100
10730 100
10731 100
10732 100
10733 100
10734 100
10735 100
10736 100
10737 100
10738 100
10739 100
10740 100
10741 100
10742 100
10743 100
10744 100
10745 100
10746 100
10747 100
10748 100
10749 100
10750 100
10751 100
10752 100
10753 100
10754 100
10755 100
10756 100
10757 100
10758 100
10759 100
10760 100
10761 100
10762 100
10763 100
10764 100
10765 100
10766 100
10767 100
10768 100
10769 100
10770 100
10771 100
10772 100
10773 100
10774 100
10775 100
10776 100
10777 100
10778 100
10779 100
10780 100
10781 100
10782 100
10783 100
10784 100
10785 100
10786 100
10787 100
10788 100
10789 100
10790 100
10791 100
10792 100
10793 100
10794 100
10795 100
10796 100
10797 100
10798 100
10799 100
